6
62
7622 4841 4039 851 7722 9546 6685 6259 933 3694 921 867 4429 5371 3970 5396 5621 3564 7213 6671 6125 1903 8949 2382 2581 2675 8782 2206 967 7201 2224 3590 479 2602 2300 5065 9893 1041 1780 3827 948 3104 5112 4239 605 14 4232 59 3140 8104 4894 6062 6023 1816 5173 7918 1605 4109 2813 7820 5095 5085 
42
7585 8238 7102 4094 9957 6141 1021 6144 8575 334 8040 8576 7478 7952 1046 3077 3306 4752 9106 5768 6692 4665 8942 4683 4539 1587 698 5658 561 2661 8639 5792 2526 6857 5382 3269 8945 9851 9959 1218 4636 8411 
29
2604 166 4749 1633 8655 384 3038 1419 1711 1857 7942 6186 1523 2620 67 5661 3291 1734 3811 4780 2199 1253 6977 529 2030 5517 4310 9654 9067 
90
9918 5838 4853 7585 7900 1506 3485 7473 8594 8622 3805 6209 5119 8060 3404 6278 1197 6784 244 1784 3211 1543 9344 3606 6656 9955 6606 1252 2301 6796 6194 7807 9350 5135 6049 3192 2810 6827 8369 6023 8621 5558 3756 3836 8614 844 6474 3608 2768 2533 5596 1934 1651 934 1808 2447 7606 8589 3541 6768 7259 3697 4592 1773 5846 5540 5641 6511 4678 1104 5580 6623 5230 6200 9120 7550 715 206 8758 3065 1523 3562 1562 6950 878 887 9138 3519 7702 7081 
8
17 5 15 6 17 5 15 6
5
3 12 16 50