5
5
2158 2623 9048 5505 2959 
27
1248 2211 5207 408 9029 3700 235 7896 6119 5009 3969 9471 2171 8631 1378 4741 8381 6915 1703 1154 2079 7316 9333 6887 7651 2099 2543 
75
9717 9353 8053 9951 8001 6681 4682 5980 4936 6190 6786 4894 5461 4039 9985 3262 8541 2133 8202 1552 3813 7054 8738 1704 4603 2353 985 8998 9956 3666 4877 867 7659 2464 1426 7791 7684 1533 2014 9114 2728 6214 6025 8262 6192 2051 493 1472 6687 680 8501 4710 1024 5600 4704 1700 4589 9077 5688 3624 4764 8876 6076 4119 2327 3904 5292 8825 5365 5586 7612 812 7711 2015 2743 
59
418 4167 770 2600 1085 3215 5268 1184 2146 2475 2430 1698 7756 7725 125 8746 7018 6908 2345 8279 3976 2838 1926 1030 992 6418 8379 1240 2363 6828 5504 7028 6160 308 6849 8003 293 8012 1255 7550 9583 4674 527 4483 6408 4955 6402 6585 3561 3803 5009 4708 7667 6353 8247 8651 1348 392 2033 
58
1538 9930 6667 4138 9525 1572 2195 2059 8200 790 759 1702 6867 7683 746 6717 8244 7744 7706 1735 243 4112 7061 8502 7 4646 1968 6391 5218 7368 5386 83 77 731 8272 1342 1445 8339 6714 5410 5561 5776 19 2400 4675 9684 2911 133 644 1318 2719 2327 5351 3525 7466 8415 3109 5718 
5
119 65 17 5 3