6
83
5857 7740 5738 1964 6740 1432 8397 6186 2934 7625 1755 417 1204 596 8385 4083 4098 546 5207 4053 42 282 9186 472 7176 5586 7732 4704 9101 1909 5399 8309 8154 7125 9275 1772 5600 3435 8630 7611 2514 5562 197 6311 1014 6493 7951 2092 555 9775 505 7438 7717 1970 2110 9253 3156 6799 7675 9094 7633 647 5357 997 4127 9606 3144 5032 5791 8694 4494 5978 6056 1137 1311 8488 1663 9292 660 2747 9256 2184 8875 
11
34 36 17 5 15 119 65 66 119 65 71
77
4239 9835 2027 5722 8057 2205 930 5020 5352 9525 8056 4827 5241 2129 728 6332 1452 6022 5719 409 272 129 9012 1806 6482 8139 1327 9154 7951 8026 5213 8295 3883 2900 7387 2192 7186 9277 4771 9956 1903 7087 1186 6521 5835 1782 8291 837 6340 6790 5915 8517 1242 1010 4315 6703 3206 2493 5946 8556 4302 8407 949 2153 1818 1198 4923 9635 9887 3524 5513 6560 3276 4806 5219 1451 2415 
27
6681 3382 1779 7047 4177 8664 1302 6489 2840 7975 2955 6459 4397 6174 6215 894 1760 68 1899 1212 243 9930 111 2339 8737 5499 7292 
28
8148 7758 9884 8978 6965 9003 4164 4094 7401 5294 3977 2675 8547 974 446 1629 6053 5936 666 3044 411 3704 2641 2345 9669 6340 6332 3790 
94
3237 3335 9580 502 3405 8370 5838 9830 8462 4105 9961 8904 2538 6041 4109 9675 6717 9421 9390 1552 9117 9551 7922 5458 3695 620 5874 1230 6259 2223 3117 3121 6609 7925 1632 2149 774 779 1238 6683 5941 7029 8004 4472 311 2430 8104 9163 9405 6296 9550 1464 7326 7417 7521 2272 9316 3860 3606 8210 2095 1222 4607 5627 5781 8377 9798 9279 3569 1785 9453 4149 6356 9497 1192 1653 7364 9457 3981 1897 3029 2377 6172 2632 924 113 9786 2920 2121 7658 2411 2918 4708 1464 
