10
9
7293 6819 6172 8429 3495 3226 7341 2587 4621 
12
7046 3 7377 438 8958 2789 5394 6812 6043 6910 3442 3902 
22
383 1538 7807 2795 2628 5085 6745 5549 1760 902 5546 5981 2220 3976 8912 570 4299 6622 2165 7092 7068 6713 
28
5656 3392 4397 7420 7184 2638 2745 7352 7448 3803 9141 1480 5184 6515 2138 5854 6950 9422 9265 9441 4421 2014 278 9169 3166 5334 8982 8276 
100
5682 9029 9082 1044 1250 6554 1206 8663 3672 7533 4565 4483 7302 956 3485 6178 7768 7650 6246 2915 4841 9088 1602 7918 6700 1561 9368 1089 4992 6575 5275 2843 4572 790 3576 4845 9459 4035 7738 5523 175 5458 6946 7987 6184 5309 8646 4607 7762 9647 7978 6947 2480 9024 4787 5186 5354 3126 8926 5286 6159 555 6367 7970 8683 912 6619 1856 3429 8330 1664 8826 13 8835 2853 1695 9430 6968 2406 8813 8486 3870 6547 274 4765 4967 208 3186 864 8794 4497 7640 2129 3879 7872 2378 4398 3146 2380 3808 
65
455 4176 9462 366 8707 7146 6642 7180 7032 9896 9266 1174 3520 5024 8315 2075 4061 9902 4828 6613 1911 8231 808 6056 4645 9350 507 5472 1097 4109 3073 7767 4724 6629 2405 6731 3584 1506 3893 4754 2480 9260 4412 2031 314 7770 8309 8892 6537 4074 5593 5200 3887 6130 7851 6446 6118 6983 3069 1525 5889 1040 58 8457 6157 
11
65 66 119 65 71 34 36 17 5 15 119
72
7947 1950 1359 4011 1213 9964 1976 855 2572 9884 5928 2914 917 3375 196 5602 3650 1063 1634 1944 1576 7065 3843 9990 9003 1161 2581 3558 769 5600 5698 1723 4028 148 6477 5318 864 8659 2080 6061 8189 6722 6261 9817 5551 6769 8756 127 6011 645 5522 8798 8876 2400 5304 4517 2416 9422 8293 9215 28 6982 3813 1216 9402 3662 2261 4980 785 4168 6302 8100 
62
4291 4582 9411 4565 6248 5164 6711 4310 9451 2664 8878 537 3792 8664 5192 9303 4374 9078 4382 5771 1052 5001 2435 62 5327 3166 4342 1210 4493 7533 1119 8197 1819 300 3485 3020 6126 3160 989 4706 6441 3659 1632 3722 4930 2783 5990 6936 9951 8644 3615 2506 9027 6196 8212 6001 5332 9244 3026 643 5965 2429 
35
3975 5228 1143 8560 1652 8044 1431 3445 2322 4207 784 2027 2788 6938 7265 1676 4907 7489 5377 6146 3132 2522 9415 3772 8954 5505 7420 9062 2797 4726 7153 6864 7554 3601 4529 
