8
39
3898 9668 6232 9274 6752 7468 1196 5529 4556 1736 3914 7056 8257 2938 6902 5586 5651 7731 6334 2901 5082 2986 44 6985 3388 8876 1501 9751 3294 1673 6163 7166 9506 1536 192 4556 5737 7240 2460 
4
17 5 15 6
84
2860 1434 5677 3141 1318 3252 5415 466 3959 7253 6619 4195 6203 9825 9707 4791 8377 2679 2779 1939 7980 7171 4364 630 2632 4459 8935 3268 8712 5583 1466 5837 7312 3868 224 8150 3859 2176 271 1644 9825 4444 2106 7497 2013 2091 7045 3206 2181 8396 9457 4019 3979 4666 3775 7399 8043 9081 2675 6877 2841 2068 7727 7252 2351 3972 5912 6743 7796 1222 1752 1655 5462 2654 9947 9109 7688 7263 377 1142 1813 1625 7193 2283 
70
1371 2993 1739 4717 3134 3216 7063 4116 1316 3762 4453 6150 5606 7847 7555 3810 1712 6770 4895 3471 6735 8023 5124 1250 5806 4504 8944 5192 9112 9700 3062 214 9486 6371 8496 3895 3585 6054 5515 9183 6866 1240 1920 907 9063 3240 4369 3801 6558 1172 6492 1445 5240 5050 4058 6751 6088 3108 994 3713 9010 4665 484 8089 7649 9049 643 2504 7813 3886 
62
2942 1259 8360 7802 5533 1971 3666 3616 4971 2181 6444 7016 1740 3275 3402 3356 8798 6853 1898 9721 1983 9058 8509 8107 1790 7859 7522 6576 9988 3646 7272 7546 5635 2677 4481 2704 5877 3189 4714 749 9939 8954 9485 6526 2133 2627 908 498 4773 8405 6695 1452 8004 5951 1826 5948 3269 2795 8054 4506 6161 279 
11
65 66 119 65 71 34 36 17 5 15 119
77
9556 7871 6301 1749 8955 624 4913 6231 8133 3836 1157 2382 9360 6372 2265 9058 6878 8913 6823 1258 4476 2853 1478 8255 1043 6835 5950 9005 464 4098 4559 7290 846 3241 6976 8063 5652 1190 3424 9630 2596 8337 6165 7243 7644 9123 8810 4436 8990 9215 1608 9526 7228 40 2902 710 8490 2676 4012 5357 8387 1028 3147 5164 5961 3584 9960 915 2553 1747 6750 1595 3227 8287 47 6854 6857 
81
620 5017 661 4380 3842 406 7721 7742 3535 222 2147 6348 9491 648 1542 1560 8631 72 421 4168 5982 6137 5039 5462 223 6771 4959 7256 7005 8745 4976 9985 6490 5442 8907 5362 4730 8495 5626 6051 4673 520 778 9883 6104 5324 4534 8711 7929 6974 6739 4861 6129 1526 2379 2392 6329 2279 1426 7367 4487 9076 7656 1351 1824 9121 3383 627 2683 8150 8030 3795 1429 9136 2972 7023 6990 2327 4276 6982 7637 
