5
74
7359 3704 2453 9053 9797 8041 9680 6229 1190 5778 7673 5041 1663 293 5839 9332 6751 4126 8553 9488 9464 8504 708 4105 4344 7764 8543 7314 9216 3845 284 4357 5910 7319 4166 610 9151 1156 5493 910 7215 8997 858 43 9222 9406 9025 5347 9986 534 4696 2661 1553 8165 2325 299 6038 4275 3976 2276 4748 4304 5693 6028 2524 9766 2000 1185 6947 2930 6600 7525 8429 1129 
92
2008 382 4281 4499 2756 60 4392 6520 568 7895 2687 6305 5124 9326 6854 3485 4138 8520 7772 2575 7455 1444 1389 2688 2071 7210 3034 8816 729 8204 9547 8648 8984 6875 7943 4140 3609 4992 6488 5650 1450 5038 4269 9333 8564 3742 3608 9398 7701 4950 6398 8150 4671 8788 9633 919 8505 9087 6742 5220 1421 1907 9464 688 4901 2488 2379 6030 8685 164 9304 445 9264 7733 2917 9748 3835 7273 9476 8776 2595 4197 2703 615 2230 5171 4586 7494 9306 9141 2942 6764 
15
65 36 17 5 66 17 5 65 71 34 15 6 119 15 119
84
221 1938 1527 857 6812 6699 1303 9473 9478 1552 5923 8204 5194 5760 672 2897 9695 7859 5678 6627 6147 6046 4763 5153 5028 9976 4821 9748 5652 1538 268 7050 4966 7915 7377 574 6985 513 1988 6980 2807 7564 2577 6294 3382 4759 5141 8978 3005 6118 7014 2281 773 6121 1765 7809 7157 8556 7275 1207 894 8202 7845 4576 6400 570 7834 3216 1989 2640 5219 1650 1227 4 1601 7719 7228 4328 5081 8998 4801 2902 5947 5865 
53
5117 4983 3741 539 7419 2706 2180 13 6901 2906 5711 9027 1683 2545 1604 4445 2788 8330 228 9479 2705 1702 2275 8569 383 9847 8591 6106 3169 1274 3306 5365 2627 6611 2609 4497 6154 9181 5879 5539 6357 7543 8660 4569 6565 6251 5169 1238 3538 414 7012 9199 9311 
