6
60
80 80 100 10 30 60 50 70 20 100 80 90 80 10 20 50 80 50 60 50 70 10 60 30 20 70 70 100 40 20 50 40 20 20 50 100 40 100 80 90 100 60 70 40 20 40 20 90 40 10 30 80 100 10 60 60 100 50 100 10 
40
20 20 50 50 10 90 20 50 100 20 80 30 60 90 50 90 80 60 30 30 40 100 70 90 40 30 10 40 70 20 90 60 10 70 80 60 80 50 100 20 
40
50 10 70 80 40 30 60 70 90 80 30 80 50 30 60 40 10 20 50 50 80 90 40 80 10 20 40 30 10 50 20 40 100 30 20 100 60 90 80 50 
30
50 30 20 60 90 20 20 40 20 90 10 60 70 60 30 90 20 70 100 50 90 40 70 100 10 30 80 20 20 30 
10
70 60 100 80 80 60 80 60 80 30 
20
70 80 80 30 70 60 70 70 70 20 30 100 70 90 70 10 90 30 20 10 
