5
10
60 40 20 10 10 40 70 100 70 10 
70
40 40 70 60 20 40 10 80 30 10 60 10 90 40 90 10 50 60 20 20 90 60 10 80 30 50 10 100 10 30 10 80 90 70 20 100 40 60 80 70 40 90 90 90 40 60 50 30 60 100 80 10 20 90 80 40 90 60 60 90 30 100 40 60 80 70 100 90 80 60 
50
100 70 80 80 100 50 30 30 60 10 90 30 40 20 80 20 90 10 70 10 20 80 80 30 30 30 70 100 90 20 100 90 30 60 70 100 90 90 40 10 100 100 10 50 50 30 100 90 10 60 
80
30 10 80 10 30 70 100 50 10 20 10 70 20 70 10 20 100 60 100 100 90 50 70 70 60 90 60 40 100 50 40 40 70 20 20 80 80 40 70 90 30 60 30 20 60 80 30 50 60 60 40 100 50 90 50 100 100 90 10 10 80 40 50 70 50 20 40 50 70 30 90 70 20 30 60 100 20 20 10 10 
100
70 30 10 100 60 80 40 10 10 80 60 80 20 80 80 100 70 80 50 90 30 100 60 80 20 60 60 50 90 50 40 90 90 50 90 90 10 100 100 90 60 80 70 80 70 30 40 70 50 50 10 40 80 60 10 80 30 20 30 30 70 50 30 80 10 30 80 10 60 40 40 80 40 30 70 20 50 100 50 80 50 100 80 70 10 70 70 80 50 30 20 70 80 20 10 70 10 40 60 20 
