6
80
90 90 70 40 40 60 30 40 20 90 50 30 30 40 40 20 80 40 30 70 70 10 20 90 100 60 10 50 30 20 20 60 40 100 20 90 20 80 100 90 100 70 40 80 80 70 50 100 10 30 20 70 100 20 100 20 10 30 90 100 100 50 80 20 10 90 30 50 90 90 100 60 70 60 70 100 80 70 40 10 
20
60 100 100 40 10 80 20 50 40 40 30 100 20 80 80 40 40 70 100 80 
60
10 30 20 80 30 100 70 20 10 90 60 70 80 60 40 30 50 100 50 100 10 80 80 80 50 30 10 60 80 90 70 90 60 10 90 30 40 10 100 50 70 30 70 70 30 20 100 60 70 30 10 80 20 50 100 50 50 90 70 70 
70
60 50 40 90 30 60 40 50 10 50 30 10 80 100 80 20 70 30 20 60 70 20 80 70 70 10 60 70 30 40 10 40 60 30 100 90 90 80 90 80 70 40 20 60 70 40 80 40 80 10 100 90 20 60 60 10 30 50 70 40 40 100 50 70 20 10 70 10 60 50 
60
60 10 50 100 50 40 70 60 10 70 100 80 60 30 60 20 10 80 80 80 40 40 90 90 70 40 70 50 20 60 60 30 70 20 40 90 100 70 10 100 80 80 20 80 20 70 60 40 30 30 80 80 10 60 50 90 90 90 20 90 
30
60 40 10 40 100 30 20 40 60 80 40 90 100 40 10 60 100 10 30 90 60 100 90 90 90 40 30 80 80 50 
