9
30
50 90 60 80 50 20 30 10 90 10 80 80 100 10 80 60 40 90 90 70 50 60 60 90 20 100 60 70 40 80 
50
40 60 90 90 90 10 60 40 60 100 30 60 20 100 90 50 90 70 70 70 90 100 80 50 70 40 30 90 60 80 40 20 70 70 10 50 20 10 50 40 40 10 20 20 20 20 80 40 90 10 
20
70 50 10 100 30 60 40 30 70 20 20 30 60 40 100 10 20 90 30 10 
40
20 90 60 10 60 60 20 100 70 30 60 30 10 10 50 50 50 20 30 70 60 60 80 10 60 10 90 20 80 40 30 60 80 40 30 90 40 40 40 60 
70
90 70 100 10 40 20 90 40 100 40 50 40 10 40 60 70 20 50 20 50 10 90 50 50 20 60 20 90 70 80 60 100 30 40 90 10 20 100 60 80 100 70 10 50 10 20 100 10 50 20 90 100 20 10 50 30 30 90 10 70 60 50 90 30 60 10 100 70 40 60 
50
100 80 70 30 10 60 30 100 60 30 80 40 10 90 20 50 40 40 70 50 100 60 60 20 40 40 80 80 90 20 100 40 80 100 90 10 60 70 80 60 60 50 100 10 30 60 10 100 80 70 
70
20 20 50 100 30 10 10 70 90 50 10 30 20 100 60 70 50 60 20 60 60 50 20 50 30 80 50 20 100 10 100 40 10 50 10 60 10 30 80 50 80 20 30 10 60 30 90 60 10 70 80 70 70 10 60 70 30 30 50 90 60 50 100 90 70 50 40 30 30 10 
70
100 20 80 60 20 40 100 80 20 10 10 30 60 60 60 30 60 10 30 30 90 60 10 100 70 80 100 80 80 10 30 40 10 10 30 10 50 30 30 20 100 70 80 70 100 70 70 20 40 20 60 30 100 70 10 100 70 20 90 60 40 60 80 20 20 20 90 60 30 60 
50
70 40 100 70 70 60 70 80 90 30 40 40 30 70 80 100 100 30 100 20 60 30 30 80 20 100 60 80 50 80 50 40 30 70 50 40 50 90 30 40 60 80 80 80 20 90 70 70 10 20 
