20
20234 702
6356
13628
11456
6445
28519
7400
15308
278
17092
8907
18038
14180
6969
11401
24606
29955
13525
4490
8160
23731
12072
7082
28275
8540
27210
50
27472
26273
13599
25864
11543
4023
12504
17954
24879
28792
3517
20288
3757
5299
1322
32219
120
4551
13528
8024
6826
5744
16222
32642
7993
11488
22008
23351
9686
25362
3974
27489
19221
19803
12504
7209
23247
5954
18984
17511
31173
5777
19944
29020
4741
5292
1215
6819
2450
16930
718
21093
31935
2178
567
17869
4572
11888
18144
8635
6292
503
28532
12221
918
32033
22443
16187
31987
6341
28620
12017
6599
16801
11632
10914
28956
9128
31112
28939
6667
16285
16289
13847
21796
32481
615
30033
25873
14730
6504
18590
23157
25268
31771
5932
22298
20252
15905
12454
3148
18923
8394
10410
30848
27599
24027
1660
10298
26704
3983
7420
32301
17762
23003
7893
18083
12598
14582
17144
6687
27222
6425
3401
21313
28145
7044
3991
7147
24691
11457
14034
21922
25689
20524
30840
24887
21316
17587
29777
2470
3404
26331
24156
5694
21142
29699
17673
18434
23337
4845
1960
18000
8445
17786
4386
16064
4181
10165
10983
15439
4687
8211
31783
31165
9658
25850
2373
13107
31271
31615
18313
15145
16707
4980
6421
22151
10852
25762
17690
9226
15457
29011
16459
4842
423
21012
22930
11450
14985
28344
7938
13967
2520
18592
3854
28004
20404
14906
27128
25021
9889
20424
14220
13963
14046
7523
21773
18256
21490
13887
8048
31107
6279
10544
3528
15670
29819
9837
20482
246
24885
12949
17874
7411
12341
2799
25069
31073
10223
7926
19833
29725
25306
17173
24513
18836
9412
175
15918
1249
6760
10082
14451
15157
14146
909
13575
5756
9634
24079
16856
29501
32000
10578
7486
5570
12943
32649
19245
14970
30740
22069
2736
1435
31993
2798
16274
5643
17821
11616
9310
16257
3311
10900
22667
12264
25659
15729
7920
1028
1348
18562
24702
3927
2706
31993
18221
23366
525
29428
1335
8568
3531
5888
7301
17791
1831
4315
14950
4538
22547
1919
31623
15225
32431
26203
11296
29283
28442
2020
22635
32533
18311
26956
16730
13580
2708
19345
2441
15301
21464
26042
11890
29474
15035
3166
8672
30480
22411
29285
6054
1639
7884
26386
23440
20754
1743
13634
17306
29039
11142
2030
4704
5368
25750
30711
24022
6180
430
10019
20025
6536
8471
3170
18757
18498
21645
21847
23977
29079
2126
275
696
4571
24688
6180
97
27793
119
9678
4961
28628
28967
22168
8631
26358
6295
24587
4952
16486
30855
5558
8997
27351
9971
20341
15386
3486
13545
1267
14024
8284
30615
17006
2821
9694
26536
23226
18914
3649
2769
31369
29661
1114
7078
233
32600
10837
25523
16654
9034
2459
31688
4434
14901
14842
26260
19322
20824
1024
14709
8763
14373
679
18319
28669
9205
2104
796
25310
15355
19049
2306
10746
8566
6600
2731
2026
18475
10333
2577
28298
13075
9099
7192
2047
26961
9528
9505
20729
14182
16430
17372
10294
4264
11200
24157
30536
9457
21168
1395
22679
32404
18768
8757
24233
15509
28392
8669
24737
15641
15960
5082
28678
19483
4606
28192
23494
10849
24282
27587
25723
174
10992
14788
1516
4922
17134
26155
31191
18783
29455
17749
22510
23957
18239
16784
30495
18848
5760
18661
29720
17160
23948
19765
267
23498
11452
2696
25262
6989
11560
1953
16007
9111
272
1238
7782
14017
891
19742
19763
12456
11037
7532
28905
18662
5246
5691
1507
12545
30553
27498
8023
25313
2882
17995
4384
13192
8076
3575
26304
32253
27242
2532
19365
31369
21332
4793
18603
5670
15533
17760
31459
24117
4258
27741
10131
21615
5461
4959
20861
16158
19515
30997
13156
18829
24770
21315
17357
2237
27192
6421
9731
14425
1256
18355
11357
17388
1670
21781
20419
28754
20941
17689
16495
14701
3430
5331
29681
14361
16908
28708
21622
9313
9198
25998
30025
18419
2900
3142
28826
29905
24710
20619
21119
21578
32490
23095
13624
8745
21356
16788
29367
10284
14882
1648
3936
3511
24368
32116
16909
20426
9962
10161
15701
30001
24889
10364
7694
21242
19520
19836
8976
29996
10815
23809
4668
32694
28343
7831
28349
7078
18127
20956
25742
17563
246
1934
3388
2685
6090
4328
29166
7019
25656
31023
28322
10741
15077
15752
23225
908
30925
14092
6838
27446
17195
27422
32579
3207
32408
13820
5493
6860
16763 1012
19536
28809
17807
2715
5006
17190
7418
15832
22428
16101
11839
26565
32486
7959
15290
9305
19540
5776
31301
11551
19220
7256
31505
11147
10139
28835
27861
1422
6630
28163
30763
22632
17670
31453
15158
5566
12251
12058
10377
30444
15136
542
19780
15004
14503
5374
17024
24728
2022
27885
19950
22492
23475
12792
30138
21232
3404
17908
2998
13940
8346
18356
29620
22012
23991
22143
10547
29471
9133
10688
18495
13003
22657
20736
7570
31963
6768
12306
511
31212
5752
2957
1297
9068
10266
14720
10991
6643
9823
19040
16770
13783
537
15941
4314
1531
6507
6742
27342
12519
25739
29314
24035
27678
24519
15218
3952
32171
22214
30907
255
31742
29969
6999
17653
16374
16337
9302
26230
15679
23771
24529
2179
13534
19177
19488
101
30218
28458
332
28495
8510
7166
11463
7999
8588
29946
30043
10021
20532
21555
23393
6727
30325
5305
26931
18148
8611
26209
18404
18455
32122
3784
3118
28415
10418
15252
20395
18205
14291
18941
27208
14845
23115
10125
24568
5657
21950
12323
22181
31994
19357
11582
10348
31904
31994
23160
26121
22564
155
4945
23952
17308
8013
3630
31071
5951
19066
18594
2896
15818
24830
2283
22579
25122
13879
6336
30587
8250
3931
7498
23351
15671
2831
12400
5188
10962
10037
8023
9921
23038
22789
29225
708
8395
27487
8470
30027
14219
5983
6809
9590
4403
2867
32509
29171
4868
21289
13599
17081
28522
22796
15477
8953
10276
28081
24655
14161
31653
4301
12381
25668
16826
27401
25202
14567
31598
11865
391
29148
6699
20617
3587
10372
16929
21529
29498
625
3051
4938
30259
29978
2416
16761
430
29139
4616
5804
29541
3580
6625
22891
20115
31608
6304
15057
30643
25953
17227
14562
23946
1273
7526
31519
13159
740
9564
23896
8362
30869
8225
7362
2435
9735
18454
23369
21756
12205
25389
27943
21562
30891
1101
9398
12031
27974
31736
4226
31092
20889
15403
24483
22310
26762
13189
24650
20302
1789
25516
19609
13909
26440
14061
22968
20631
20710
22818
15653
4712
26735
6105
7243
8532
15303
3506
6743
31403
24214
7433
30791
25406
11001
32213
31555
1123
31352
25296
3377
23103
27447
31193
19332
22340
1392
19350
30804
24824
21792
15965
436
2552
19457
16469
4928
11581
32697
23768
26101
20127
6225
16668
16966
25751
744
29715
26731
28489
15529
17807
21245
194
18938
14506
1984
6782
11766
28005
27328
1069
30238
19855
18335
32694
11851
233
1325
32381
20712
27783
14137
15330
1885
16761
679
24842
20174
24235
1987
5601
21766
2570
18133
9055
8622
17640
13046
2827
24515
16290
26401
14270
23367
12416
12685
11178
1846
4572
26938
20378
8123
2951
16842
18299
15524
2920
4499
28700
26644
20838
15858
27186
3447
29321
16866
22175
21691
5979
717
10228
15806
31125
26530
11572
4098
25847
26151
14811
29352
16248
31377
3870
16540
23711
15698
27253
27917
8241
2866
23895
3104
13324
29601
21060
21477
21843
24907
25353
10634
31947
12526
25664
3790
26245
10856
18966
953
15550
4117
19025
12426
27139
14423
24465
27634
22169
25974
4565
29055
5403
20395
10306
23643
16997
5495
10272
14902
7345
1593
17702
19073
5632
31488
9975
15837
26044
12702
10220
2515
23963
24062
28948
9413
1478
26039
6009
15908
17467
31200
7845
18148
4975
807
1125
24109
3128
5149
14797
30292
18155
21972
11644
17929
22465
8876
19234
22994
27264
17258
5183
22968
16727
650
13869
22335
6921
2519
16736
14236
17486
15928
26093
3619
22646
3533
22857
31487
30031
25658
18771
25125
26185
14659
149
3723
2776
28058
8135
5524
31770
27124
4245
3791
13754
13410
5539
29666
17940
28639
7117
15553
18841
31269
12467
3108
13685
7110
17013
55
13680
32375
3259
31635
8466
23983
22265
31341
19467
9585
26609
18445
13778
29541
21113
10370
23691
11822
32638
19093
14126
9976
6473
5627
6886
31056
15361
10703
4023
7481
3953
7999
22628
24444
11788
25733
12688
13375
32046
17433
3107
6105
23205
27684
18159
29157
17264
2616
11156
11925
22470
20287
12960
586
24667
28594
21243
2913
14558
29708
24707
17999
17350
28029
15859
2032
19278
25314
26121
29212
29630
2549
4072
5756
8941
8385
29371
15259
260
31578
27803
30784
30340
6602
4275
6396
19339
23118
24737
1023
19539
7107
13600
3887
5883
25691
6628
31868
30346
24724
8390
4205
28465
20075
28705
30463
24528
10444
4220
27312
23740
10062
15721
20951
10176
26141
15788
17974
26977
18999
1696
15058
3942
30172
11991
13315
29848
24895
29697
17863
13767
27522
22543
19547
22541
30689
6552
4877
9303
27438
2939
23884
23584
7549
4038
1537
11136
5152
14806
10530
31846
6102
23488
2947
3873
31551
752
13552
31782
9619
10256
28794
781
13716
5676
9998
19164
20673
19731
18508
30600
29389
25344
13717
14521
20815
10617
25446
13774
10171
6520
9445
31521
32657
19145
21946
19596
18644
31411
22048
300
22206
26074
3388
19556
5298
31076
26029
6181
1906
8027
30820
21613
28306
10834
22966
24590
6701
9292
15535
28337
18646
1241
24746
4122
8657
4738
32030
15534
8068
29543
8123
2866
32296
12583
12470
29653
708
13312
4449
17521
11868
31032
2302
10766
12645
2235
29653
29608
13181
28165
26756
29234
17241
14402
18327
6618
767
17844
26968
18575
25653
24150
24040
21952
2361
25023
29583
20327
7602
3144
30545
2119
15335
6001
25538
23409
12847
14721
29211
18701
15528
18541
16780
20567
1836
1019
2260
10984
2945
19239
1552
19767
8144
16582
8400
20575
18777
9065
29296
10531
10084
23684
10406
20527
2683
2768
30295
16288
3030
3053
1711
27079
14615
18764
9840
3370
10296
19532
6026
2508
1985
23971
17133
7087
32574
13312
15515
7830
29680
30191
19969
16143
1475
4860
31367
15537
22656
14363
12902
8611
32068
25415
10169
4958
4145
23146
31192
8371
24163
2429
10977
12559
10277
3056
5015
30974
21349
25932
18800
6126
8806
11543
10985
17206
17077
12792
1565
8790
18526
22555
3478
16512
26975
14039
3939
14168
3421
14734
8810
30457
1430
18389
15872
20280
279
14549
28599
7724
4399
5617
9079
18414
21027
28842
12753
23453
3107
20415
10383
2469
24701
30616
400
20289
22289
4580
15315
31551
24581
30850
2769
28676
7610
10141
4112
18127
2814
6940
21237
14402
20867
6969
27354
28195 838
15471
3936
8782
13302
5786
774
12071
2886
30554
3067
29934
28993
5048
28465
14490
7056
32012
8627
24540
19125
23838
9272
11869
8770
15755
15608
26695
20808
24170
958
32262
7955
24624
29759
9552
12308
17617
31402
866
5919
3112
11904
19597
1751
28569
12198
31986
14182
245
22969
3722
21617
12445
16801
20585
1866
32491
12649
17219
29032
23757
5709
7983
11029
32691
5397
26283
6759
11436
14498
10976
13937
16075
28359
25896
2746
27856
18266
2510
3823
4612
10634
14357
9940
32357
29554
11131
24192
4611
14319
21054
14026
10154
3759
11552
5631
4801
10891
23655
12502
13426
10775
32297
32677
27660
22135
16838
5076
26277
17524
21686
24978
4611
3023
3205
20936
14013
2260
29211
12363
32157
23603
4673
19030
25673
7436
14177
20791
25890
29001
28813
21832
22125
48
2499
27937
17585
29496
22896
23820
19551
31004
1842
21178
14008
32559
12258
2356
24044
5359
2770
26899
7295
11740
29779
30964
19441
13707
379
12839
5790
10742
293
3495
8419
12310
3640
23887
19842
22196
5933
17738
8520
31612
32459
27084
2541
1619
14901
9471
3131
28394
4135
22849
7538
16531
23933
13196
11244
4180
757
29237
6909
6458
24629
986
13853
29424
16
4758
24393
5776
23045
20342
31910
9657
19720
4657
26984
10210
14214
8467
28146
12782
20643
13627
830
11264
9926
3846
25984
10640
26455
11979
14854
1983
21447
1481
19555
17895
2001
13149
9932
19575
29952
8825
2498
5630
14194
6993
1778
28293
10203
7511
17241
15650
20172
5482
9387
3018
7478
17482
28150
16743
3626
26960
3970
16938
5602
1372
11773
27171
517
18958
9428
5647
12071
2361
2020
11889
14223
14484
26706
26852
32574
23987
24759
13231
16685
30262
11393
32666
469
12353
20118
23552
2804
1836
2874
6438
21647
6267
14642
25803
32563
17680
11817
5376
17281
29343
19028
5434
31466
355
26450
10662
9654
18959
11862
31932
4683
14344
6535
11031
2476
21457
9383
16772
9536
20934
28915
24921
12757
30990
24651
32520
17380
30411
27539
28403
24854
29075
14425
13442
25352
28964
12728
18291
30539
28243
10364
17266
24752
8006
16006
13802
24002
21475
8563
32282
22675
30344
22648
29547
17340
1277
10640
17921
18591
5543
23002
19856
10991
15614
19772
14961
1395
26433
18765
23797
17414
31336
24434
30457
32483
21594
16967
19386
6943
31072
2624
25067
21623
1753
11664
11269
5196
15920
12105
2783
14828
15372
18885
24190
14355
12230
6214
6446
11186
10016
985
2257
20462
16948
30592
19064
29548
25514
8079
7216
21196
12590
14423
287
31859
30753
12290
27599
8590
19087
8126
25289
30803
26722
24606
21350
5002
18645
15548
1762
21325
22571
2852
28082
21260
15776
10477
13591
30932
15776
9513
23284
2512
3127
6400
13277
26640
9161
29591
6000
23945
29699
15671
9960
6237
32017
5547
25071
15453
11025
29161
32180
11724
1480
23797
12862
31078
2196
16387
29184
32161
13986
30172
16301
14643
16225
11650
5709
25300
18231
24599
6033
11845
10354
24059
29795
25233
16513
14133
17346
9619
7524
788
15309
8376
8033
19221
285
25351
25337
7432
88
9310
1818
2159
1539
19966
9110
2855
2200
27721
980
12618
22745
28107
31174
27731
11363
21368
23834
25987
13958
13876
2741
20356
17236
17817
30813
31565
2296
9204
12469
13381
9034
17296
19311
10155
28064
10552
13757
23349
12006
14327
24328
30455
19441
27170
7653
26247
29712
7064
24901
5471
31716
18761
491
19074
23154
27125
18468
26467
31863
17462
31154
3586
25083
26049
1033
29272
14889
8169
5822
23285
29022
11621
16956
5352
25984
25938
28345
24287
13457
8060
16232
3983
22916
11737
13808
31574
2895
3926
10782
23839
4673
16342
27094
18055
1942
18808
5456
23358
13129
31513
2945
23471
31785
26651
31446
17123
7727
5476
27176
31650
6927
30633
19949
28892
6413
9964
32171
32072
9234
27459
7603
32331
1279
1756
20747
3611
9025
24894
18348
10532
9382
30673
31981
17067
16238
14241
14912
3249
29350
9311
12828
30490
6321
28841
18234
10766
2088
27530
21508
32672
14052
26437
1611
16557
4952
32078
9016
10503
2084
21402
18309
30419
24040
18200
30700
2352
28502
8064
5600
21018
25484
12363
3196
8077
25248
2818
18873
32749
30844
9916
22499
17829
6636
8419
11086
28175
32757
31542
30789
28564
19817
31508
9539
13076
12984
3575
11622
15495
1033
22335
1824
18149
30089
19249
25392
22340
29187
31551
22480
2880
16306
30601
19504
9888
26451
27045
14372
9271
4477
19611
3097
19975
20021
26164
21838
8365
31422
25973
29249
32249
14766
19046
27495
29404
12615
31512
17439
5255
1027
10725
22505
14545
14193
28922
6099
3545
32064
18195
15413
21741
4761
12678
16030
17579
10675
22403
12302
22118
4513
23194
16230
716
4206
6269
1052
12741
9067
14856
24883
24990
6600
13182
5227
18790
15714
6678
17845
31384
32220
29366
10985
17915
20977
24062
5051
26567
17160
17800
29164
16137
22281
28270
12733
5192
19568
5389
30377
13161
23712
30217
4179
23760
30841
26770
15294
20936
13100
28133
1212
37
20302
23061
23465
4392
8748
31243
13144
24482
16735
23243
15182
6492
11936
5626
2606
4023
30173
18333
19573
31632
29068
4388
19303
14438
10559
19884 745
15039
32376
23407
10193
17863
7103
7864
2523
9275
23027
8629
26974
26757
4062
30165
4253
30761
11
14917
11682
26207
22748
27574
29416
25089
31447
24928
12376
15016
31041
6983
30838
16659
2286
17853
9693
1736
20823
5672
21737
16637
21485
25861
9651
21176
23981
10541
23106
16950
14069
14423
9471
7562
1430
28895
15210
4742
5418
12486
268
15838
31144
15865
24236
30091
16437
982
6598
4718
8765
18924
16441
32054
28355
18434
31808
643
7669
15195
25763
12875
17156
24889
7471
20094
20530
31392
23395
3301
24877
15708
9068
12368
32667
22086
20820
15600
5622
24770
17014
19458
1178
30604
13109
17069
3356
17077
9453
28718
2014
9960
24618
22322
6112
31218
26392
9859
20697
24705
27707
9447
903
14636
8544
5190
9283
14516
29396
20490
32728
7050
723
10955
12949
4241
31043
20268
5537
16676
31651
10240
5775
6747
24894
5042
11570
15242
30628
26339
25523
11787
27482
596
9440
19006
10449
7
17607
28109
18837
15265
30596
26421
25031
14867
10839
14978
16845
13433
29434
9049
72
19010
2353
30780
24646
7826
32418
21258
26554
25828
10471
8901
14889
8436
29154
2712
2981
7644
592
12825
16383
24701
31393
27339
2617
6432
11784
20199
8250
22621
5070
15708
22213
2877
25323
22292
14764
667
3031
24953
29761
2512
1182
12856
7694
20623
6963
2116
16326
11277
16902
30239
9339
29541
2776
16725
19216
31548
17358
23369
3058
29856
27333
22323
18179
13110
27366
362
11735
7829
22650
31711
32291
21229
7935
1002
16498
13548
21883
17738
24346
31970
11536
24167
10607
32035
11729
31193
5942
10157
13780
8494
24669
5898
28296
11496
15593
7800
11337
30150
24879
9544
27698
11077
2631
20868
25651
29541
11966
17876
22883
14256
10123
30370
12439
17273
25924
23165
27955
5986
1426
31163
4672
5665
23779
8547
6591
28291
18526
15690
30269
26288
23580
7547
21160
27826
16789
10972
1121
4145
23128
20239
25490
18816
31488
5015
32194
12766
21091
15420
22183
4341
20748
24752
11067
25511
9452
18802
27410
16394
7500
5107
23530
15025
2822
25080
7044
12590
28917
6207
29618
7636
6314
28773
13490
22722
24416
25095
2490
27165
20274
10024
31700
20892
22668
24530
5868
26442
16352
6400
25895
14727
5018
15036
13431
3152
15957
8581
23149
24001
2383
26355
27214
5080
8986
7582
4456
14204
32405
1083
3494
24766
7707
29704
29283
14430
7930
3691
12156
12945
6439
28117
3753
26369
10032
24045
6925
10774
10865
24299
9995
19316
8075
30785
25692
7621
5906
7809
16990
11192
9862
12411
1711
15945
25989
20389
21499
6212
19262
6081
4882
2820
41
31161
29246
18561
30710
15822
28371
5770
26563
28913
7431
18254
27793
16753
8708
6945
30201
3799
5180
28541
18715
12559
13821
24391
12248
15048
15941
14420
10305
15132
9175
27180
10318
17012
7822
21006
18900
11942
21234
2100
29361
609
23561
4695
19785
19403
10096
8054
9527
24168
22441
12500
31804
25662
8375
21568
27515
2615
21224
21400
9449
19398
2035
32144
10495
8653
9794
27568
1202
6335
11921
27036
11172
4610
1976
24984
17052
13463
15557
29259
28212
20732
24910
4547
31185
15441
4102
25018
27352
26299
14221
6424
21535
12550
10637
9913
32162
17806
8194
29039
13432
30815
11481
22859
22277
29339
18365
24088
29040
11548
28206
3881
32343
32347
2515
10325
8130
16272
4369
63
25686
19739
5596
11227
27852
26147
14029
31533
1441
12157
9845
13140
2318
24015
15602
10696
7482
19189
18367
9440
8879
31395
3025
9623
26378
21068
11743
32399
28663
2115
29953
23638
29277
3617
7036
8937
18902
31334
8668
17526
1122
13667
22596
30054
22108
27991
4611
24987
2733
5592
14183
18166
17215
30324
10710
6429
7605
3225
11802
4731
4185
17586
20733
22152
4949
20115
31254
2378
27175
4375
8418
28
8527
263
22551
28590
5194
24382
9012
15181
4036
8715
19037
18788
25610
3543
8294
323
31678
16648
28462
22048
19150
14117
32302
859
10662
1850
26449
24071
28837
24958
11782
24485
26574
4147
19604
20018
24257
32718
11183
9573
233
4696
14408
9522
14838
16916
2985
10642
16014
22370
22976
12166
3391
13795
6587
11097
31673
1246
7382
5158
9274
14050
1905
18587
18249
13485
24678
12540
30119
12109
10905
17003
5763
23941
15569
18278
7661
10354
19398
4497
1933
2926
23163
30902
27029
11061
1229
19210
13300
26695
22604
4786
28621
28813
12107
21637
4903
5182
16947
11284
15590
25092
25373
26855
27898
20059
6047
4362
3286
27194
1253
27849
23587
27894
25092
32695
5558
5475
25740
4853
24768
9788
23388
13488
25157
453
27579
20716
720
10414
9385 399
15460
8251
23648
9058
1205
930
3163
22309
10136
17589
7984
8896
9657
24512
25862
1681
27532
1717
8735
26530
1675
1926
27566
18730
11916
984
18153
16215
12716
16325
15968
4431
8203
1594
24973
12388
16926
551
25260
25280
13085
2344
18125
20224
12725
7062
23591
17229
26878
9586
27311
24985
17836
10477
21225
4903
11145
23551
3838
21838
7971
3408
18960
17274
14273
17480
458
627
28060
23202
26171
743
6220
7390
27620
16657
12673
11326
17423
24562
12275
11236
12131
19811
3740
3390
24246
18864
21540
405
22050
3678
11933
20743
1627
2587
2421
7854
4159
16409
13207
24044
26287
12947
25613
2851
17054
3710
14979
901
7527
3213
1621
26705
9572
11143
28092
17202
24764
6092
18245
469
1153
20993
10114
2754
13802
1837
2308
28085
9238
17373
9335
26822
14257
19675
18248
11055
17186
14530
17957
7974
27863
9496
22027
15618
17881
12429
25974
6560
11940
7299
18388
13317
4154
10189
13626
17988
8036
1719
1115
7586
6260
7239
13477
15865
12521
22723
5861
21594
10649
24947
12750
15606
15110
26024
11517
8255
19947
17662
23601
27466
8725
27357
15545
10104
22388
838
26413
1882
3442
27852
18781
11968
3203
3040
15495
1618
11774
25426
19405
10727
2096
5653
16101
9914
5277
13891
15635
7248
16066
1376
7252
2814
6328
2531
12508
18801
8290
7666
12483
23997
20156
23406
4609
13654
25451
2351
2699
2190
3737
28049
742
1827
27903
10799
4820
3128
2627
1262
23605
20348
23941
16958
21577
22389
1594
1697
21286
11575
16167
25947
26981
6467
13801
3242
15899
22955
17492
16061
2315
887
13921
27782
3870
4934
5694
9545
14082
830
12449
13235
1099
27660
13149
29
5751
395
6707
6673
2178
3097
24042
3342
19577
5553
6561
26233
20386
22536
6757
2832
1153
11741
3327
18747
8015
1966
15887
17132
6359
11652
8287
6297
21309
14408
3441
2444
22854
4089
1631
23880
4555
27470
27347
13443
2926
5325
21646
12019
9337
181
5318
178
7490
23684
4127
24760
1139
8589
1696
1187
2491
27875
2089
4013
2803
3704
3823
5379
2339
4998
600
5451
16374
20526
6156
6993
1440
11360
17750
22554
20616
14330
9888
26155
21958
18996
2912
1027
9055
12347
3594
22506
16150
12060
21144
8425
4437
23780
22255
2847
11879
5381
4555
3362
16359
3068
23482
27899
8825
17969
20129
23031
3000
2084
1819
13825
19567
1460
1134
2603
779
20219
8835
19029
21072
18424
23140
13416 843
9684
13481
30802
8585
15162
6234
979
29831
5632
28680
6921
20841
8202
22296
8336
12783
18283
12638
7870
5540
29134
24814
30249
1625
16149
3630
21865
16593
24383
13872
24095
21950
32655
29503
6966
22252
4842
13240
11368
25789
31106
21276
19204
12245
19377
18786
3055
17174
19495
25746
745
10703
17736
16527
11026
17968
21968
28980
14509
27650
28857
4771
14371
5013
5214
13274
7755
14585
31968
20360
11752
15216
21961
18206
22132
20772
12015
5160
28700
25366
14492
9182
30987
25943
2795
4342
14315
32634
31861
12221
26537
6473
19501
8294
20601
8119
8841
23458
29211
5654
11747
28017
9052
18314
24094
21047
19167
11454
908
10770
5405
22997
21775
13931
19371
2212
8575
21963
12732
4894
12364
29168
2534
29199
5477
5153
10537
5134
31832
5054
15149
8364
11962
4891
7115
31730
22985
16014
27087
7691
22352
455
14076
4925
32203
10080
31057
14366
15308
5813
8587
1540
669
9206
31467
957
17447
9851
14393
11904
2066
18775
21001
28452
23598
18991
6717
28560
9234
6733
10443
25715
3075
5616
1473
7989
8983
17894
13446
31789
24729
24413
1122
276
6320
30199
19008
16313
9276
5148
26547
20727
16385
11668
17208
31716
26375
8277
5563
23884
11328
14233
12636
9054
22380
25908
9586
12708
18746
9509
25552
16697
27312
16235
19272
20790
11212
23578
15214
31597
21868
7597
5534
346
12907
13726
20289
9558
21517
10036
31051
9230
30109
11421
24840
25140
17236
29244
11801
8820
2173
7236
8634
22442
2263
19078
23366
26450
2363
3719
17916
28735
19326
2006
5123
27025
409
6812
27308
11745
31751
29813
9208
18110
5999
21374
18778
3165
11651
17328
11197
28044
3368
18028
15561
29672
15831
6230
3426
22608
4675
2407
5490
15257
20028
6974
10473
22403
25555
22967
15874
15340
3007
8639
26823
27716
15615
19047
12247
28993
18369
25655
7783
13012
6019
708
14215
11867
24696
17540
11942
23832
15405
3298
2393
24290
31084
9358
3672
15642
9057
13335
9673
23009
1019
19643
3778
24456
9621
29566
3593
17480
6102
25209
31262
13876
31701
29813
18555
875
7041
28344
26
21138
4161
7455
13624
16258
15575
29805
29273
12349
7818
12003
12940
30247
14724
5905
20720
3955
9337
29931
4471
7387
30601
20767
9962
24468
8808
678
23085
21377
28092
15001
14021
14759
11206
583
24727
9953
23621
24452
30450
27348
18327
4932
10448
25382
21794
9832
24153
3819
8434
14551
7081
30304
5283
18129
211
15068
1922
22656
2854
25347
10735
20432
31663
14141
16390
18561
1790
16999
28542
15995
12845
19144
9424
28257
287
22342
21404
9320
23046
5337
5705
28010
16936
12353
28909
24118
22498
30708
15212
25899
11757
23131
30435
23045
27616
5181
4679
16374
22518
9084
25161
28153
11794
20991
20605
4451
26624
27887
1468
16058
23294
31782
5063
1227
20091
3556
25132
13815
28702
27332
25198
23502
18698
17903
20320
2271
6241
15760
31698
31949
14086
16264
29807
20134
26792
9826
30950
4465
15868
8841
4168
9990
27721
17336
15537
13603
15914
14003
4651
28859
400
2869
13519
13201
5894
5673
558
4102
1593
17436
27119
22319
15287
28659
14777
17707
21495
4569
24659
18356
6042
23164
27657
4851
3312
3705
18514
30873
17086
13844
32433
13611
14398
29997
32473
10141
1640
8048
12820
10019
11888
23755
24037
27460
12688
29221
6636
14896
22023
589
23819
20819
15714
23344
26055
15402
12282
9040
497
3414
16830
31601
31109
11759
13362
26773
8402
14106
14776
6699
21979
2526
32271
24708
27902
6451
6169
26502
20691
6748
18657
2468
22871
3959
11228
20238
7754
24659
15471
27940
18645
30081
21682
23089
10352
2478
2420
18774
3843
9520
1919
8900
14411
30686
22044
19502
16512
1317
8922
21887
28213
22104
31372
24008
21375
10056
5009
17532
2649
16661
3416
31455
4167
30531
18722
2492
1338
31504
16394
8022
20916
30981
31299
14754
30764
13516
2978
16563
5556
5953
14684
9590
21977
25291
11536
22687
24011
493
22792
11747
29374
9240
29116
32616
24463
7364
8343
9594
23979
14527
21502
5759
1325
32196
20623
17197
2118
2127
26534
762
15842
31664
30502
9428
16264
14430
5750
30739
7810
19599
5321
25004
29759
21253
11427
20903
20981
13355
4249
11475
21386
32096
13656
32440
22965
17043
31976
1997
12129
15888
10034
31723
7762
8857
11200
1282
14090
21433
24773
24075
20462
30805
4957
6717
32677
7044
29973
27780
5825
20385
686
815
23713
1950
18462
19432
5013
6810
9688
13290
2116
9654
31565
14446
12363
16421
23219
23398
7207
13699
10757
20590
16469
14952
21835
30208
22967
20284
30235
28391
28986
17741
5216
28662
17078
6686
25690
5625
2838
7427
9702
22508
440
4842
2304
26987
279
19580
15238
8554
8871
25189
1086
14630
20992
3055
3867
30555
6975
17366
20156
7096
14505
12120
5942
7824
9106
31627
22035
6354
11390
9459
2971
26683
24197
23892
26962
25546
12796
965
14785
13429
21073
25350
30073
9754
31543
10771
10582
1208
12547
21241
4609
23007
22614
27625
4280
7781
28925
30347
23890
13403
30741
20884
6525
15679
13683
24731
10571
8307
30787
26153
29933
21998
1774
17423
30654
18738
17986
5628
16515
26750
23501
23118
18160
13380
20361
7465
14959
25314 958
22982
11806
27772
549
1550
17942
4961
29001
31848
18931
15439
7475
14287
16529
11071
28742
5671
30995
30806
20840
5329
9514
20757
12387
15229
26772
22992
12682
10559
482
17249
15519
30694
28799
26909
29428
27017
15342
2823
20689
5218
16467
30788
32278
223
9269
15823
4641
28151
23426
11630
20210
12219
23507
20709
6029
23597
26098
7529
9632
14932
2202
31575
16998
10128
16509
30246
1739
26412
22923
10395
26321
4146
30066
14651
3122
3459
23393
31494
17479
25638
29970
1634
1320
13281
7431
24150
19989
9734
8724
30200
26389
16016
9245
10793
17372
17262
11809
895
3570
11807
12663
21635
6674
23423
18008
2077
19665
28129
21918
13388
12928
5469
4043
17690
20050
12908
21837
21456
25794
1714
29697
32358
17711
26650
24053
21309
22217
10792
15730
9489
27825
12683
2618
23337
9564
26098
1038
4560
22841
30241
13939
7945
23699
8772
27062
20351
6328
131
9518
28603
16475
28630
9921
30105
9015
11547
29609
24061
25845
15974
26232
4802
6992
10392
24154
27891
6007
9011
29595
10046
24242
15980
21865
21669
5705
12162
13530
12151
26274
14159
24881
21631
6569
22301
31069
15995
30836
18362
22210
5584
11304
26319
5436
10363
9750
3693
23649
7755
21290
2793
19975
15693
7814
8938
15879
21128
1898
26048
5952
4843
20055
13303
4574
2180
32116
13868
7900
24563
20528
13856
11463
10781
15913
3595
10693
26149
11597
8755
26327
26520
3902
6332
16475
27879
28155
17346
12245
31259
11198
29093
10990
19396
31264
6052
29629
30258
19587
2734
15942
1256
18865
14964
20288
11854
193
8899
30748
28582
25915
26385
5186
9537
22140
19542
27550
29427
13915
1309
7771
4292
21260
986
32238
20456
10309
18302
30551
27634
15264
22089
29347
31812
6209
23263
19382
6602
11704
6047
18503
3304
5672
9264
12076
6064
1961
10588
25816
12377
29932
3874
12578
16364
8478
20742
4680
14657
11022
27820
16691
7210
21393
7845
19196
14574
806
24969
25520
18425
21206
25414
22096
10705
7262
25783
13852
25420
21904
14201
13585
10753
15095
19962
17329
5372
3514
4562
24066
17846
26818
29783
10713
7492
28959
28011
19032
20942
26024
23705
3254
30787
20962
97
21054
22091
26660
30671
23451
4221
18168
595
22866
2259
11715
29132
26000
346
25769
742
19238
22318
23467
4006
15826
27046
17682
20547
26560
460
12049
7736
28752
19984
24742
28055
24602
17981
32193
28832
1584
2987
13992
6546
17058
6583
1690
28353
23112
23152
17842
25833
14267
29587
4623
13250
15781
24506
21554
22740
3643
10192
25255
15501
27655
20680
2280
11665
6123
20878
30078
9809
20579
9534
21353
4319
22026
19861
4802
32001
6496
22949
9375
31876
30154
17612
11831
6610
7642
16870
30535
7367
7377
18114
6068
4545
4450
27603
10353
18166
1465
29736
31651
13323
2236
4510
8195
32738
27793
14677
13188
6323
20064
7264
18743
4702
19290
6337
26219
16127
1786
13972
23320
13763
26250
1418
31102
15355
9706
28313
28937
17519
10637
19954
20600
30965
12740
26932
29502
578
21311
5599
24104
511
22736
9227
20289
29472
29299
24922
1267
25713
21900
18475
110
16753
12911
12048
18254
7524
8997
3203
26743
13476
30574
8916
18500
6200
514
10342
30690
14247
19228
16411
7158
15630
19513
22029
9862
28529
6429
13439
26646
3919
6680
25875
15377
24953
15239
12861
21611
23588
13981
23799
26757
10812
22372
23222
19281
30971
25598
12189
11446
17339
2353
14577
2614
4616
28707
31694
4814
23546
24929
19480
541
2241
6438
24499
14025
15234
12507
8695
2079
25186
16858
23390
7929
15328
9591
384
21989
18023
30273
17218
25731
20003
13957
9546
23087
3349
16404
17078
11232
4450
24902
1549
22864
24049
19263
28277
27998
31028
13681
13607
23984
24134
23138
26401
3484
1079
12720
18202
30793
28580
2898
3003
17937
650
28704
19980
20778
32347
27542
15405
23942
27730
8917
25670
2039
24580
23786
11200
12439
18489
24659
18102
25703
16889
18879
17318
2614
8682
16406
32621
22213
10201
10681
5490
19496
4246
18187
8225
18543
31237
22064
23963
26502
19826
9237
3243
15450
9253
11952
5629
9533
23094
15497
21898
16268
17315
3449
6231
16015
14240
2225
8799
10656
26158
3071
20685
17808
11247
16461
11375
11590
22585
5995
104
23977
6505
22286
18725
14529
890
21784
3986
17432
25814
18713
1165
9831
23915
22294
28827
10350
27650
14218
19417
15652
26060
8363
4662
21776
3134
21742
10208
247
13599
31437
25084
10167
14560
8648
1946
21363
6955
6314
24296
23024
8638
30989
6821
25663
19834
3104
15321
6557
27063
27816
15300
29079
9691
2629
4628
29042
27947
29175
27483
22729
28897
32736
9151
376
6270
24140
23028
30393
19553
30190
11879
1933
20121
13164
700
22622
5624
17951
19835
14306
24424
15380
22022
15170
27010
8022
27855
25980
3677
30831
29639
24070
12196
23084
19226
31412
10476
23201
30233
8411
15428
7533
3191
16823
11533
21311
19385
30218
32012
21145
23784
32006
32701
11732
8841
8813
14314
27237
8911
20471
13181
15710
25102
19956
22931
28984
16755
30514
24273
22735
13811
25633
21499
29614
27521
20789
706
10125
10372
17548
3294
13080
1416
14033
349
15858
19763
17248
23611
10746
6267
9130
9266
2509
31511
31195
6867
24716
21555
11963
13014
3807
5992
26322
16559
4409
8683
21200
6498
29534
28677
24364
5015
7459
18115
1802
7921
23669
9710
20066
26012
20637
5693
10079
11301
6850
10186
18181
25487
30640
13507
11543
8611
9944
15458
25400
29575
17047
27167
14160
16018
28091
7460
30001
9055
31299
1025
25467
5920
28006
8353
1980
10037
1239
18556
30172
6910
8520
29967
11961
26605
14893
30857
21006
11231
16066
27336
10137
8620
2127
25219
17277
17404
16810
20169
18917
4701
26622
1194
5610
11411
18636
21812
18359
14383
8495
16289
32234
17508
16996
5070
15934
8213
24457
6383
20839
22066
26789
3202
5694
17477
5865
3457
4126
32584
3638
18396
13454
31418
14303
29739 487
9714
15023
32654
31385
29618
13358
28690
593
32767
5920
22767
5853
18480
21327
29532
13036
10566
10890
12151
9583
6267
22254
20864
2557
18974
26212
28485
8309
15005
28523
25053
18405
19940
792
32665
8362
30949
90
12856
6617
10616
11395
15706
28126
24678
13572
18744
21091
12736
32376
1425
24436
8054
25829
30952
29152
548
20798
20460
3298
29743
18476
16696
32512
29457
22029
22844
20020
10993
31806
17019
12106
8311
917
24056
3209
11486
22578
16362
24469
75
21112
25783
25236
7773
4438
12832
23696
2309
18891
6329
3356
3480
12201
27037
31547
26658
23449
13407
11133
12542
21087
16708
363
18595
4447
31663
20517
13761
17504
24796
24138
10637
2193
18129
24856
7768
24777
3986
13013
17511
16147
7317
18541
12543
18282
5749
10844
959
12225
23786
29902
30259
24903
13049
8965
2469
16104
31592
10748
18230
13591
6517
9802
17966
30411
18888
8520
27793
3015
1957
12662
7667
5151
21094
31259
19596
25848
26409
20012
8335
25231
17094
31343
10680
15229
32772
31456
20260
26937
26124
8020
29030
6622
15133
25436
29399
26414
12162
32108
6701
32471
29889
26941
848
8182
21782
29039
4713
4570
24351
31859
7483
30730
31193
8360
16054
10121
29899
17348
2249
24920
26753
18806
2169
5693
31548
5450
20528
6083
24040
25548
31831
23170
5454
16112
26150
11680
25483
4529
30907
2968
26049
7929
23658
26682
14860
24513
27733
8180
16824
3193
10812
27727
21425
21930
9366
444
29498
4058
736
14993
24290
22192
11317
29519
2996
27480
15391
31782
24751
21033
14765
17339
18038
29573
17605
7976
24392
17409
11708
21316
31537
14278
11044
17190
7298
1336
8677
26596
8320
31445
13200
30112
24665
27743
1775
20934
24156
31549
32481
16015
21352
15903
21348
24522
12453
3041
16628
31963
26995
28082
16916
9220
6560
31861
1834
4835
23518
11623
8335
2108
25716
20994
3815
25337
13363
20258
11694
12911
30636
20327
11284
7139
26272
29914
2059
14669
14264
19923
16286
21851
31862
4378
11396
10425
31084
25932
15861
31888
20140
14208
1212
22093
1151
25899
17806
4259
20570
15681
1434
1491
9741
7325
17761
12075
26942
10659
24008
24012
21270
29476
13163
28849
24634
30337
13365
11245
23293
20756
21294
5428
21972
8395
30355
31133
10762
22550
3116
166
20148
2308
14298
28793
7144
27561
20592
1902
20010
9154
7875
3792
24103
2460
4869
2788
166
31281
25678
11303
25275
29332
20092
26072
30269
31376
25149
19894
25211
8844
7018
10507
27947
6322
12695
19177
28579
6481
22248
10164
11340
15999
22822
16864
6227
29442
22801
21500
28065
3185
3064
23536
6414
20630
15240
27523
22737
27159
30690
25120
7995
4181
12272
29657
3494
26261
9208
8620
7080
22110
26225
1797
16012
26913
24342
8325
9474
25888
1082
28674
23317
12680
15963
8655
27230
17888
10745
5949
19063
10407
11176
31329
13747
16697
2661
16152
13836
243
1062
13641
32349
10135
4277
4202
25554
9970
18109
2118
2972
27068
5925
30461
8425
447
21150
6220
10003
321 735
722
938
906
272
698
319
866
602
649
315
655
962
488
935
53
517
271
238
44
239
805
735
148
491
88
664
960
540
678
917
429
869
878
679
446
818
277
250
101
543
60
234
921
477
672
698
385
252
642
126
512
575
37
916
244
25
159
472
796
615
382
442
934
893
109
84
454
349
514
446
330
11
377
303
771
853
375
596
765
531
386
70
558
882
33
253
882
575
644
169
292
523
31
918
240
557
645
789
469
891
685
839
288
316
839
378
239
520
862
916
722
314
144
509
342
364
944
962
36
178
251
380
171
644
844
7
948
321
600
137
230
694
726
935
956
42
529
838
655
872
470
630
103
575
400
506
250
142
696
827
705
779
336
223
442
497
71
803
125
708
850
810
825
891
509
802
668
650
245
659
712
438
148
132
10
370
493
633
38
477
39
224
457
485
203
484
407
532
516
117
19
348
186
284
676
843
619
55
77
846
656
303
397
731
680
430
873
845
514
37
756
739
410
10
92
455
896
390
739
391
936
212
231
849
51
414
517
868
509
849
76
285
267
834
965
403
774
153
554
216
424
388
789
296
240
645
624
868
336
836
385
670
934
898
734
964
772
685
345
423
399
956
889
659
346
921
124
153
873
366
92
688
887
31
859
566
602
207
547
63
218
248
578
170
852
696
749
521
539
224
487
938
392
714
194
781
957
722
649
678
258
796
847
599
586
693
902
102
549
251
550
241
22
539
900
575
811
537
804
295
324
577
641
12
367
8
776
542
138
59
859
798
930
770
565
324
781
880
270
418
813
945
673
880
61
297
304
753
841
928
810
212
868
928
728
161
945
197
870
827
478
159
340
421
869
70
280
301
675
529
549
241
57
49
262
451
466
581
858
637
748
72
891
232
774
96
92
147
730
336
21
658
584
902
805
439
746
58
273
39
330
127
688
167
572
727
957
426
246
114
224
207
117
535
604
427
442
287
229
604
939
930
925
82
807
840
575
857
100
680
235
96
457
736
930
32
654
927
763
414
102
64
116
401
367
604
682
854
87
404
103
416
773
209
795
168
323
896
49
737
201
541
96
103
697
115
860
606
329
44
966
57
605
252
707
358
718
117
278
719
679
862
908
391
145
737
102
122
82
671
5
232
221
608
130
717
538
346
367
809
417
13
155
49
163
967
445
255
270
333
789
225
169
699
216
447
754
851
519
199
845
286
566
452
126
585
929
751
167
260
532
593
577
338
226
128
932
237
110
238
818
236
960
600
96
439
767
575
248
364
188
636
280
412
207
657
650
660
409
959
630
200
944
927
326
174
428
173
19
439
737
630
133
284
871
272
935
166
820
789
922
559
402
874
762
343
597
232
429
597
710
303
813
17
378
923
882
150
252
71
123
647
753
789
580
531
870
614
35
591
811
242
58
470
927
309
529
833
768
457
767
719
437
645
432
215
959
732
408
465
597
732
902
458
838
94
528
607
630
98
417
919
495
56
521
529
753
404
627
374
163
787
951
897
361
31
922
807
171
502
721
894
598
266
862
44
54
963
103
652
172
248
964
68
6
470
270
842
203
704
879
792
351
727
17
627
634
471
643
374
647
506
629
837
725
668
257
126
630
11
170
428
716
645
480
241
646
777
813
22
854
840
14
688
369
840
662
878
736
157
665
79
558
101
596
175
776
118
92
933
285
741
488
211
914
25062 234
10098
244
17680
30535
21423
22848
23643
11024
15505
15904
19051
6422
7970
4293
25271
8640
2493
22380
16028
13511
14789
29757
10415
24380
406
17266
21074
31437
19132
25787
1925
25156
2148
13281
21759
20304
11791
13482
21630
17800
32398
30206
4955
11949
18218
12359
18273
3119
23331
8990
17887
25075
25436
30243
28924
15956
22100
8492
3915
872
11352
8099
16799
21892
9207
29481
2849
21250
10935
14719
8095
31041
15878
22951
27687
23278
22643
3142
3541
2946
16158
17229
10985
25612
17261
13528
25116
1329
19713
3415
17461
14961
16361
3307
3031
8876
4885
5139
1949
16868
11021
25479
27241
24644
19683
4964
30200
23137
15717
1418
13242
18113
24728
22338
12257
5274
28002
5669
27320
2011
2439
15417
29751
13936
25047
14172
26068
27330
4773
32742
11931
3966
29818
650
25985
2200
8459
24957
5622
7567
17513
20698
15033
22770
3704
4678
23280
291
22690
21456
32120
3675
21452
30234
26234
16878
21129
32190
21311
17105
910
13291
10309
25433
12391
14927
17810
29765
21608
5690
30024
18687
8165
30464
10362
20767
15270
15263
30270
27441
24725
31649
4355
21688
6074
5956
9765
23411
13929
4825
23487
13278
27322
16746
24769
6396
27706
671
17218
6484
9440
6114
279
13625
26179
21698
1700
12879
32521
11925
4082
18507
17571
28514
8194
2810
25912
4094
609
13701
5598
32116
2813
15091
28944
19882
2103
16367
6493
10050
6969
25036
29789
24767
27279 453
4585
6889
25311
29579
5003
23154
31285
16890
10292
25817
10524
21802
28717
25743
3670
13998
23888
6233
28832
18711
25464
4597
4816
7099
3382
18432
3616
11189
18630
32535
9930
13869
321
20029
20181
32730
22547
17020
19246
13764
4784
26063
12026
19279
4227
11584
8491
31093
23847
4686
8273
17235
13018
23441
14515
9191
303
22689
24735
18712
19459
5427
28414
32758
30385
18309
24619
13892
20362
32253
23814
13620
28543
20493
14404
31089
16929
5721
22025
19554
18892
28188
12728
686
29726
3015
30218
1019
4782
8428
23389
32764
19451
22875
16463
29866
6307
13195
12428
27089
8406
14395
19940
1487
3593
21848
20385
24472
9455
24610
3095
12798
15269
651
16508
21552
24621
6111
2810
7040
17181
15530
19203
2665
15000
5591
23525
28880
29054
4885
23966
24970
5856
12415
32753
8479
8631
31611
953
29133
31957
24290
26238
24784
12059
31330
27718
30945
21485
2337
31661
32253
30691
7075
56
5735
11713
10478
18151
1264
28586
15084
2313
22646
8336
14864
6484
13483
16879
7228
26421
6167
12731
31459
19557
17249
1175
21611
22717
9674
20551
31957
4171
29434
31336
415
20389
17919
24414
1257
19069
30099
25999
21464
22646
32157
20687
15416
1078
8699
27162
25957
4285
11903
20361
12395
26869
30775
127
25452
11658
1010
31267
9282
21755
30207
30740
1638
4594
12088
11608
12304
29649
15168
2453
23200
30093
29704
24195
12861
28351
32408
31137
22716
6904
1292
1575
4035
11093
20956
19260
20014
5716
12385
6762
17585
6630
13973
591
5567
9158
23579
6549
17579
5128
639
30244
8206
3573
21182
9365
11112
19222
5129
13290
19466
9359
24518
10621
15667
18095
22232
28983
3961
17092
15392
7682
14186
29492
6211
3713
28532
26057
19118
18942
28930
16461
11224
10660
18664
21335
9415
8686
19201
20324
24534
16479
26902
20521
30389
12660
28930
12840
16817
25303
30228
26242
11318
5589
27061
14604
12946
30226
10059
15524
27899
2171
30557
20934
19412
1661
19959
31578
26924
31092
18512
30160
5000
10855
11690
17519
30178
14834
30586
10474
241
29827
9417
14645
31147
14026
23770
1942
20745
30314
9485
4351
10506
17141
11779
26011
11002
21271
31747
16295
4852
29201
28316
31875
5286
24937
27532
11273
32084
736
12513
10781
14111
24229
4702
30341
4488
22984
9760
16124
29488
12529
9346
20353
22753
2898
32573
23797
17874
14810
29652
24037
2343
30380
7471
26021
31928
14543
18565
13726
8467
28711
4480
30952
15044
15780
2460
24092
21716
31673
28369
867
19599
11024
13681
26835
19082
6012
26963
23804
19685
18735
10801
6077
9934
5677
18255
30557
6470
26624
15965
5078
26920
2477
8607
7284
5735
4584
10571
13215
6295
15748
29747
15605
17583
20013
15267
20893
16397
16729
32397
20183
9402
29564
26595
13015
15088
891
29770 410
27609
2660
6876
32091
20890
31580
32134
24553
2192
16345
25651
16057
9689
25617
1935
6106
30487
26546
28385
646
28528
1747
25906
24495
26074
3882
18867
30938
2197
5504
16217
304
10744
8035
32714
11474
19057
5403
21884
21102
968
4063
283
19216
14755
22600
3628
1082
13135
10501
23281
30774
701
2513
22412
171
23755
22178
16486
14191
18117
18211
22482
22940
15660
2661
25326
24806
14262
19153
28106
18219
11925
11874
6861
10316
1276
10001
340
13884
31968
10128
24475
13142
6140
4154
9185
26356
2583
26699
4295
16445
8329
14156
250
6974
17148
4818
3601
23613
29040
13416
7865
21833
25474
11210
8207
10774
11501
340
28237
9736
2897
23737
12457
14478
16691
1016
11386
2993
8773
18060
21405
26861
13544
10467
4631
24639
3312
25618
7931
25983
17319
3527
21647
22512
12564
31871
21418
10262
19069
15353
30304
4039
18986
9706
21985
4229
1132
29426
26527
11275
3550
22479
30127
2854
5867
721
30322
1734
8336
3469
1908
18261
28259
14038
3988
28231
22997
30953
19558
32243
27316
20456
20181
29601
22772
17546
11021
18404
23470
3856
24472
18730
26985
26235
14278
1169
19865
20476
11603
12540
14181
684
3396
20583
9645
13181
25618
31607
21580
23920
29962
2901
3738
23049
16628
5565
2869
24065
24563
28498
13570
11834
12972
10293
1390
8440
11946
14037
21498
16205
18945
17673
16118
6869
18994
21340
4492
11172
31311
9895
19201
19069
3168
13286
11064
6980
10756
32324
26744
31670
30812
7032
29294
19032
4900
21076
26230
6573
17187
1947
6422
9132
29638
27924
22731
4465
11272
9948
19977
27443
3732
23296
7293
17526
9518
24395
10645
30850
31567
31069
11330
2835
19471
25853
27133
338
18248
5297
17672
18180
12793
24715
32758
29698
26088
5957
23149
1513
29836
9617
27435
25106
28969
18346
23367
13253
9789
31023
26297
31401
14875
5937
17949
23935
1750
26763
26036
5392
10592
113
3500
868
3059
12108
24481
19253
28592
30149
19811
31651
14727
11808
27898
9258
1622
24524
19943
25808
19029
28984
13229
20131
32689
11240
22928
10338
10359
18119
9117
27515
10164
27327
24810
3381
13787
25991
799
26671
29798
32444
28469
23049
25792
9012
19326
26977
18019
23183
28390
2049
8253
15118
21880
17750
31065
20393
15908
1317
1211
9307
21951
3705
17548
27841
4939
1760
26743
30947
10617
11734
27474
27730
12652
27778
13313
27507
29376
3488
15767
13082
27851
12735
2751
20058
1314
21420
26715
24220
32607
28974
17258
10735
8738
11251
5679
25503
11606
30411
12437 448
1462
8980
24508
15533
14735
25205
14608
29061
17095
4304
3132
10390
10782
23153
16545
9924
28596
4748
8702
30954
23756
19942
24652
1066
8911
5586
18150
28802
27540
18271
28397
8608
16094
29392
28907
12792
24870
20300
22966
9235
3995
5847
26264
15914
15720
24193
19628
17395
13877
16093
3979
699
18928
24757
11048
25525
26061
16892
5369
30866
16011
18180
22616
13905
28666
27634
21032
21081
13754
10862
20411
30149
8517
26527
5363
15103
28975
32342
3496
10640
28077
14729
11850
9270
28245
21252
18376
32055
27940
19035
21168
9462
19141
10275
30103
9924
10256
353
19131
26616
30930
20291
10471
23874
13260
28430
29591
10812
17406
24152
13917
24386
7973
1911
3971
18820
9602
12857
11762
2393
11997
27862
26194
25303
26826
290
9075
31904
27179
18951
13804
254
8182
32051
18178
21811
30520
15630
29387
23306
26714
1775
19859
28850
18339
20879
22654
8908
32511
28606
10607
17603
5375
2900
18985
25436
9504
19563
4788
17806
11600
203
771
28563
21678
22438
24531
23615
3986
1414
5846
24721
17613
25731
11793
28040
22578
25785
17026
9271
15957
24825
23047
28700
32146
11199
3195
7086
16465
26724
18466
4917
23689
1173
13639
18910
29827
26116
32035
29967
5345
8285
30721
4600
29662
18300
1696
26987
13783
12765
6873
1517
23307
16212
13185
20493
15007
30718
20369
17652
12005
6007
7300
31550
22237
22605
25601
27144
4348
5045
31930
9802
4909
2429
17044
2664
17430
25666
23048
31747
14748
19939
17097
17429
169
10293
32167
11581
4652
15865
18867
23639
6498
11
15524
5968
28501
8924
14969
28216
28578
12321
4192
31385
2686
24781
14039
10504
14331
21309
32529
16633
12424
29107
12187
7896
3767
7430
21567
21589
15940
28568
17705
8959
23634
11399
10568
1300
27895
12072
30711
14487
2555
28337
15837
164
28381
27189
10513
4353
1559
4310
8322
22517
23459
31286
27287
6749
6334
814
10002
5628
27884
8899
8250
7699
2108
2901
14137
26161
2765
27674
28611
28493
3473
26315
24312
19218
10321
3485
396
10618
6386
32115
15653
25758
28662
26706
4356
32461
26182
9237
14824
18139
16430
4450
19759
5819
25001
28380
3903
24656
30687
27802
2340
31873
23532
5081
8570
28812
4835
22253
15502
7580
3858
23934
10176
3741
5768
24816
21548
22607
29397
11555
9353
16281
19985
6493
21072
6689
24864
3460
11809
7449
22323
26513
16228
3676
2706
21825
1836
3001
32410
30221
27232
23694
15105
22877
1820
409
27746
11513
31061
30476
28149
12224
21180
23775
8349
15516
18917
31082
13097
437
25769
18995
16339
14309
8649
5893
25357
28269
26067
15170
12158
16102
12106
6521
9031
32122
22017
27963
650
14675
22984
28459
15149
8532
1098
32597
13787
8455
25142
18881
14412
18903
22429
6471
15564 775
21404
19620
25317
1731
26426
8654
23959
10590
17299
19333
618
14907
25399
1323
24074
5864
25293
6357
29189
23367
19708
2978
32722
4231
23947
25676
1298
18514
32710
16380
19733
30792
3108
10595
15264
10669
2344
26118
13550
20830
29573
11737
18164
25610
20869
272
30698
31390
5547
4146
24070
6913
5272
27247
25739
30978
4651
26163
25090
17295
10732
30715
25543
21031
5803
27496
21192
18065
7524
12945
21898
30415
8038
16286
4973
13134
6068
7315
15664
15711
1964
13673
32439
491
5862
2147
15884
27745
27231
12447
19365
26100
30423
32492
26597
21764
21111
5339
16868
12505
18871
13849
21363
32151
15231
17403
15963
17518
140
5979
3814
23570
25110
11427
1953
5483
25520
22055
23135
8333
25711
26808
29313
15850
23374
5749
13429
4038
13009
27621
22141
8172
2025
9027
14002
28064
20504
16921
21064
6100
10965
13585
16915
30623
25138
24071
24650
16106
24252
18530
31628
28525
4771
30629
15136
15834
8219
1089
6273
13655
16129
31406
4634
12082
9666
12473
31566
29392
31097
1312
3515
4583
2391
15708
8128
21741
22856
30142
9276
19409
16339
22461
22425
22248
6978
2703
15882
15402
25092
4598
22288
7326
4687
3933
10819
24083
17674
6435
4431
23825
26601
7223
25405
31503
25306
31717
25844
23782
11424
25583
8959
28038
4797
224
6288
30952
14486
4765
18373
29508
4562
3389
10027
16515
23555
15386
2177
4087
23432
6952
23742
8266
24498
23174
31061
32692
21029
16467
17079
7281
21889
23747
24601
14707
14146
17522
23672
6996
14565
17656
22747
398
29773
18365
13273
16366
24420
22287
19034
3142
13061
31089
13730
21603
14618
22326
10891
12350
17921
24143
24081
17526
24885
22626
4884
10494
24874
10012
13658
10259
32376
6855
9684
26994
8764
5919
7202
24007
29627
31329
16728
32360
26953
31398
26627
13635
24682
28015
1383
278
310
11649
20491
10718
28930
4851
10104
6545
6204
12677
10557
11535
32663
20787
5942
4438
2152
21770
29454
246
1104
1083
29443
30150
28700
26990
13289
8916
21993
15448
19570
19106
6796
2448
9644
17807
14897
3230
15563
19603
14401
28757
12841
23599
18058
26980
18827
17316
26522
24359
16294
13412
4203
5827
6370
26054
3398
5233
19805
8445
11745
10010
30259
18763
31947
21029
24573
13426
1545
2445
9879
26476
28930
29750
15911
2907
29080
10369
3418
11971
21656
5918
31985
9975
11092
6177
8317
9681
23182
20056
23654
22438
4248
21724
11570
7545
26298
27367
29700
14191
12756
4581
27747
29571
17988
20942
12093
13435
13066
6066
26412
25883
14378
25238
6647
11160
31826
12926
11100
29008
17853
28107
32013
4791
14935
12487
20472
19349
27426
15231
19147
13167
11992
29137
18872
24130
4050
8645
23414
30072
20776
1057
3976
23828
20250
11063
31169
14640
16047
21506
3848
26537
4251
19825
16217
16921
31590
27139
28940
15365
28875
12180
16730
12632
607
14711
11805
30992
31091
196
3287
4152
9786
32499
29430
28950
10799
24234
29526
27301
16817
11988
21768
3142
20720
19443
10066
31154
14349
29623
22262
15155
12925
14031
10423
24084
17839
15615
15642
31061
750
3955
362
27300
8328
23891
12798
24457
11824
28311
20927
32481
26785
14621
15076
18061
28804
19448
11520
29035
26772
1292
31807
31109
16128
17624
17900
2697
9744
5266
20023
30842
12
29305
27446
3748
16986
14439
8489
19157
5094
20645
21506
22730
10951
11524
12837
25064
11551
13353
15468
1325
6466
6441
3950
2917
31003
20822
20993
11169
25804
7256
27901
29669
6293
21119
28739
10785
8695
27991
18686
14690
26649
32381
11561
32586
4970
2226
24658
3518
6280
28462
13725
13534
27233
28470
29451
26938
6040
22513
31228
23106
22314
29816
22771
19711
18513
23596
10906
3841
27048
7500
26118
5529
2960
30151
1083
7496
16851
3662
7923
23926
6280
27566
27803
9319
4151
2653
15775
28524
9533
22610
24295
21334
26225
282
1442
18736
24327
16425
10306
13102
22453
11630
26823
11744
13077
14378
29761
427
26955
17409
31632
18554
26343
7250
10607
7089
21261
12740
14769
24163
211
22049
5577
30660
4074
27240
6800
4577
129
13085
27459
12430
15974
18148
30155
13472
26478
19278
3138
8029
20760
29683
14258
10801
4461
30657
10272
1699
3882
28819
26057
23174
23841
22789
10155
19572
25821
7303
29511
13432
9349
28081
27046
17675
1026
22231
26010
16450
1380
14556
20294
3397
21634
11339
18656
16899
31201
30883
6326
29988
13528
5619
29807
27711
16625
27815
4500
31310
2705
18338
8015
8799
5852
11405
3442
21132
8915
3694
17594
19244
15807
3708
13398
1611
25299
16178
22691
13144
22029
7586
7994
6942
18525
13580
19500
32758
1801
8367
17548
20026
14928
24543
25134
12540
30542
12376
13487
24312
10527
25298
21429
13256
5447
24021
9848
26967
32593
17103
17538
1432
12215
26980
21427
20605 185
9477
1927
26129
24114
2244
9628
14624
16736
7526
13166
6585
14754
15802
12645
5177
14639
3370
1811
15485
25796
15504
1206
14673
16710
4427
7685
9259
25768
25233
16937
4378
11791
262
29961
21241
18740
15502
3530
20456
266
31840
16022
31229
9634
7517
18845
16438
2379
2719
1882
2994
22781
17492
8728
7457
21496
18637
10932
24186
9896
5074
27300
31980
27852
10297
5944
24342
7895
22455
18976
19322
28310
15605
25391
21295
22292
7142
14175
21719
25531
7257
12564
11217
29371
4810
17829
24496
30384
19326
25624
26603
31615
3023
16685
22485
29312
15812
9375
1744
2531
31204
7078
2238
4940
25420
13504
2745
15809
2560
10417
26628
9926
18303
5320
2881
1734
18842
10853
28644
31925
16261
30648
22503
15604
23855
11723
2496
10101
10447
1987
10896
2335
18111
14179
2205
3188
14222
31441
27138
7537
15441
16285
13221
17589
21817
30463
31850
15846
3691
32608
24742
19793
3851
18204
10711
6352
7834
3207
7826
2033
5251
24366
3772
28500
26096
18015
28669
2901
17890
12523
7794
3563
2945
4650
5538
17360
21169
20544
13748
5347
2789
26527
26847
25546
26680
26578 744
4315
27322
11624
17972
9277
28679
32103
23486
25418
799
26018
1992
21816
24177
1685
14705
31481
21561
10848
4067
15967
4364
19731
20871
23684
27825
31273
25461
20329
15667
9042
21807
31453
24628
21622
21646
8353
28292
26870
7676
24521
19955
9781
15588
17253
5475
24407
12391
9313
30497
1608
18513
25258
9589
19968
20043
14738
25975
16902
20306
13174
17445
30515
6503
158
8627
14777
16776
13668
1826
23652
17888
13209
31252
3359
8251
17188
17119
21177
23740
7660
22752
6121
2258
29433
26898
26512
3688
9430
10974
15935
20316
18233
30517
5369
5427
8165
21981
2362
10507
11984
29960
17975
10192
385
16171
4968
26291
21949
781
11332
31704
20322
25119
17740
16207
17811
30987
25162
22598
27413
30351
25051
10877
22009
5260
25131
14330
10876
10074
25344
19197
27947
14175
18682
31798
16459
22752
9753
26934
4215
13846
27519
12068
29835
32645
26743
32177
17601
13961
15031
22093
11546
1586
5090
19356
16128
7761
30801
21795
17961
17619
23315
2888
25790
4430
15154
24441
15037
1754
9784
9387
7324
34
17394
31750
7471
8635
20340
31198
28363
18100
8541
5862
24492
7022
12125
16800
30100
23213
9460
9240
27829
24816
31100
29138
7633
2558
10089
20993
4000
3266
26832
14841
14194
18776
7462
19431
11541
15720
15435
3520
22009
4787
31430
3191
19346
31723
851
16243
254
21448
27035
16448
27624
12888
14914
10885
13484
27799
19494
14390
12731
12863
14054
28170
12866
15841
4770
27696
23558
19253
25858
14142
8338
18351
24442
3434
3477
29010
21196
7164
31878
22473
31694
10499
25993
29620
3437
1351
22934
18496
7154
23168
26584
17146
19844
10693
29267
19941
29678
3655
13770
18377
29603
6207
2272
22223
7167
21541
5757
18763
21712
21027
6003
30937
17685
16841
20322
25515
22278
30210
20697
28705
15700
25927
19645
3738
23985
31250
28911
11659
17555
18326
6697
13262
1589
30381
23849
30012
12511
32530
11026
21885
13416
208
5391
3359
25337
20986
29497
17638
28435
5277
29371
31587
2772
26867
20275
26824
3190
4057
15196
21755
15384
4483
15595
5097
11969
15471
32694
7197
21154
4247
25627
27537
4251
27371
19616
11972
9985
1278
28375
24076
8607
7424
11141
17710
4858
23020
12802
10540
29402
16386
29411
94
17925
18808
9687
28868
29518
30573
26319
2203
27086
28446
11874
25902
31858
30556
10607
15343
5814
27198
13316
31174
11951
28435
31614
27817
6223
4250
3058
11117
7653
886
19660
12252
483
12508
12470
22279
19940
22927
7356
15326
4845
25870
19117
8189
32499
12555
10948
22217
27550
29984
2183
26300
19021
3774
30448
21757
4442
18790
18379
20276
3743
30491
4703
10140
17209
27927
3408
22362
11403
14525
16324
31501
7814
8399
19909
32166
4904
18145
25575
25978
4931
32013
1578
30613
7296
9193
17953
9553
10403
9398
9300
30760
14865
23514
8420
28615
4495
1937
16237
1635
29004
3807
560
20304
4386
13513
8306
25552
10265
3012
31775
4649
12077
15726
6835
762
16721
31356
9562
18638
15539
9971
13398
3570
2370
5788
27042
21636
10350
28081
7893
31949
29230
31197
10824
1489
9032
5988
32635
15395
8397
30365
11957
19198
5346
21929
2027
25490
18630
607
25827
28316
24593
14470
24218
31801
22842
12359
29154
26108
30556
28897
22351
22334
31034
15263
4692
12213
16768
8968
31658
29769
21580
8789
19185
16930
19948
18728
25498
30726
14058
20346
26884
2530
22853
9685
24037
12966
31490
21956
21228
30806
8675
18057
26789
13918
17527
14861
10396
8743
3155
5661
31173
32231
3486
19922
13339
28093
6099
32593
6024
8957
962
6581
10757
20937
8920
8010
16642
9441
13217
22524
14856
9147
32651
2063
9885
16087
1517
32528
28520
30285
22599
4875
12949
20136
3020
23550
24955
2038
25629
17294
24956
19232
7000
15609
13357
16760
27473
14668
27319
19089
15391
11222
26750
17491
7131
13020
14592
6478
25508
14478
31999
2383
11750
8250
13026
24625
476
21440
24153
3830
22612
17734
21312
23319
23987
14636
10182
6167
5432
27714
4558
8030
16773
27193
13205
31301
13915
10328
7061
29294
30629
14448
31658
31830
18872
10258
23412
12333
5849
24575
18940
17637
19967
6112
21146
16777
7899
12856
14614
22736
14102
5270
16653
8946
25818
20495
1174
10682
17043
11755
7718
31452
20471
29855
10673
13450
7236
30972
24850
16450
26056
20389
22445
12266
21159
12998
6483
28958
9945
28675
12390
19145
7026
29359
22333
22770
15142
15935
22729
31449
26636
27902
25721
26435
28322
1794
22876
23314
18962
17758
19590
5656
32179
5529
20148
6701
10195
29023
13619
24703
12724
24183
27133
31018
16596
10997
1835 792
3310
3759
243
967
589
1906
4180
1220
2348
638
1389
1810
168
3616
3857
4182
2973
2112
2649
4567
648
4883
2049
2644
1007
3451
33
2074
960
1357
395
4952
835
5449
3553
2866
2909
1598
1028
4627
2722
2432
5305
59
3346
3630
1674
4776
2203
3722
3679
4876
3413
4168
1796
447
1058
1524
3487
3015
3144
1190
3520
2582
3622
2682
3545
1347
1864
4538
2643
3664
4233
3182
5248
4273
1237
3432
2730
947
1956
1625
2843
2813
4159
1511
4614
3064
1988
2897
5439
1102
2414
3555
900
4824
4768
2080
3749
5019
528
4190
5375
5159
618
2867
4490
1821
2177
4030
2754
3745
5326
1808
73
4682
1609
2912
2006
403
1637
754
710
3811
2360
110
4255
2005
5044
3752
1545
2411
4802
2052
859
186
4301
4656
674
2724
5008
4248
2198
3222
539
4007
1206
1949
3077
913
687
1482
10
3525
513
2474
3891
2347
3033
1204
2936
508
5199
3919
870
3988
1190
3127
2612
5202
1544
1904
913
982
1002
1728
13
4854
422
3490
1139
3429
2398
4024
4793
1331
4141
321
4452
4363
2945
4496
3558
5122
834
120
4479
3716
2476
1599
2355
4608
4496
680
5396
999
5139
2112
3130
236
2788
2558
1946
5443
2862
2058
4868
4257
281
2529
4052
3052
3415
5020
4234
1574
926
3981
1435
2988
312
1284
969
1445
5495
1527
2707
3639
2505
3265
5154
496
2237
4308
3465
275
2787
1384
1514
4341
4756
3367
4741
5179
3879
2177
4981
4553
2364
2101
1342
2942
523
2596
4094
3239
1168
2047
2208
547
3812
5103
4041
3176
2544
4303
199
1599
2630
3320
4469
2837
4696
4028
907
4571
3253
1379
1697
5461
600
3988
116
2529
3702
2515
3550
4971
3224
1258
4026
3988
1951
2539
446
4548
2376
4768
5204
4653
2855
4967
3626
5234
4408
1356
4708
4668
463
3814
4510
4916
2238
4054
1216
4280
3893
3241
4339
5336
1753
4838
368
3068
835
3301
2436
3806
5261
2787
1857
3270
2624
3924
2843
3694
1522
3835
3866
1476
4407
1210
3697
1739
2748
3110
5162
3820
1180
3804
2622
1496
3237
2580
1993
698
4643
4351
4518
4907
3592
2372
2577
372
1630
5107
1857
116
5082
4850
4918
5333
2492
2049
2979
3971
1933
2597
4288
878
5354
3209
2761
92
1976
2210
208
4414
5245
4194
3374
3982
390
3179
587
2720
4820
2659
4149
5094
1199
4448
451
3677
3105
107
3006
1865
5505
129
3717
3483
4718
2532
542
5182
3683
814
4873
2791
284
2099
3359
1135
3268
520
2685
4140
4825
3018
3313
951
3389
2781
1607
3780
3371
407
1354
5376
2272
4701
388
2269
3049
2827
5192
3567
2151
2923
886
5022
3143
4389
515
184
3990
819
1194
2303
316
3162
1668
195
2762
2206
73
5483
422
4017
3276
1172
2156
4965
4029
2463
4397
1452
585
1746
2060
2688
3497
2385
5189
1108
4063
3150
3896
1695
1750
4748
456
567
3702
3320
1053
205
847
1986
1884
2017
5449
1125
4731
1216
453
2124
758
1769
554
4690
2461
397
2471
745
3043
366
4162
5018
4727
1138
2327
51
2885
4482
5065
3518
5378
133
741
814
4118
2766
1999
5090
2371
407
4253
2888
916
3184
5110
4563
2023
3262
886
3522
3557
20
3891
4222
2596
4055
1893
2650
4985
3948
4364
2935
189
2044
3854
2325
2710
4898
5481
5361
4889
4881
5324
4470
2128
361
5426
3269
4269
3131
4644
2769
2581
4985
3254
3693
3192
4717
3288
3562
3626
5017
2116
2450
2841
333
1117
5476
4260
2303
3352
3448
4415
1620
1628
199
872
4978
614
135
1330
4019
4911
4347
954
4159
4693
4044
1859
4577
4840
3151
1187
4019
1270
1145
2782
2345
969
1795
4107
1430
2022
4834
4224
518
4178
2717
4909
3521
3227
4487
1990
4544
1446
1441
4503
4241
2067
4094
4041
738
2984
5362
4777
3290
2225
1552
83
5045
4714
2640
2839
3462
4826
2460
1704
1877
4794
1504
5227
4212
989
1838
3114
20
1292
2612
2812
1680
2945
1392
4311
1419
1177
1464
4996
1732
1788
4409
5181
1312
4160
1980
7
643
1280
3203
4080
1126
2838
893
2525
828
48
2908
1967
2648
3569
2965
1201
5226
287
2442
2100
528
457
2824
3203
3727
4439
4203
1385
645
4691
2607
1196
1445
4568
2181
2990
615
503
3292
3538
3639
3481
894
150
3497
3668
2230
4212
2890
759
941
1959
3091
3641
2631
5480
4196
1364
3327
3866
3476
3242
142
203
161
3828
3207
169
3063
2016
3679
3475
2704
805
3714
4646
1087
72
2670
666
4944
2451
329
2810
4278
120
3942
1143
4591
1913 1028
202
4660
4587
4827
5628
1394
389
1887
2214
1622
2929
434
2561
4684
5234
219
5122
4791
2355
718
101
16
641
558
2930
731
2875
1396
365
1410
1366
3864
720
3042
4500
3661
2381
2833
5153
2271
4351
1090
2029
4092
5722
3764
4887
11
4890
3173
5691
1050
559
4983
2535
4547
5013
1587
1537
1109
32
4567
3203
2196
2742
5103
2309
2360
4057
382
2090
217
2153
3342
3806
1806
2135
2420
3961
1551
2165
4103
3023
1492
323
723
3476
2716
3952
3346
1045
4468
3545
897
3972
2095
3672
5532
116
3740
1512
3382
60
4361
856
4941
3064
317
3647
3655
3118
5114
4316
2737
611
5351
4331
2086
976
2571
5041
3130
2860
2318
3979
2153
3635
1872
298
3277
4261
2527
622
3317
780
5530
2667
2643
1259
1605
110
942
2544
4640
3285
3488
63
3765
1259
3474
1695
3617
2404
4730
5280
3699
2028
3896
4080
4978
1929
4888
4962
2752
2482
3430
1227
2098
4176
3202
197
3815
3801
5072
832
1616
2797
3558
5567
4588
2212
2905
335
4766
1765
5650
3624
4006
3411
1044
792
2794
41
1550
8
3686
4327
1326
1046
3322
2281
4682
4999
2735
923
830
1834
2676
3367
2004
1111
176
3698
1827
3150
2665
80
252
1523
3682
5176
275
3399
1652
1040
192
4574
3171
1940
630
4216
3053
3813
334
3922
5130
851
4385
2999
4043
77
1407
3620
5334
775
1045
2770
3178
5166
1230
3702
76
330
2629
2907
1553
4977
1455
495
5025
4461
4327
905
3616
2765
823
942
1526
1695
2570
2774
419
2940
2875
4825
5488
192
4055
5045
95
1267
4994
1910
5584
1898
2022
4467
974
4800
2838
873
900
698
4946
2091
79
3988
4781
204
641
4186
2126
3944
2389
4135
3630
5694
1848
4839
1494
535
495
699
3333
468
4885
3315
801
1088
4460
5060
1289
2691
4900
2625
1781
3277
1722
238
5294
1204
3288
1123
5078
477
1797
960
1087
1625
4936
3009
1310
2089
1049
2019
441
2197
2519
3224
669
1589
1894
5615
2094
687
80
1143
2554
3559
2417
4942
5452
3611
3850
5142
5403
4564
1370
1572
1924
4661
4033
2095
262
3935
2646
2420
5707
5274
1598
2891
4355
1903
4775
1631
2586
1991
4166
1251
1200
2107
5255
2209
389
776
4352
2066
3102
2365
832
5363
3937
5720
1805
2295
1867
1299
2431
886
11
4709
1395
3798
2467
3041
1792
798
1950
2604
687
4088
1751
1685
1252
3489
980
108
3727
3294
3271
3258
2459
2034
4375
1632
2818
2358
3263
1150
2508
1519
2933
4014
2164
1899
3112
532
2328
3526
3641
1103
2846
1939
3522
4389
2118
3133
2001
1960
1883
3222
2961
2810
1451
5291
4746
1792
3546
1246
947
2381
3645
3732
736
1128
1064
3174
3020
4793
5358
715
1488
5305
5197
2109
1856
3508
1751
3944
1565
191
2298
5531
3577
2588
4631
5265
2681
2624
700
1466
3176
4150
4345
576
1904
5634
1227
2341
868
5208
1856
2273
4323
3569
4201
1383
1448
4067
5669
703
2235
488
2023
3378
3477
3494
1009
1276
5071
4049
4372
3151
2754
4947
853
3369
485
1924
4360
70
4505
1978
159
271
2287
1640
1366
4164
1355
1353
3247
4788
1766
5375
12
1615
376
5025
1955
4434
4188
5417
1010
1830
4248
5189
1033
2260
2939
4176
3332
1317
5585
3708
3932
1711
2928
618
2514
3590
3323
2395
2143
3261
1435
1993
1936
5304
5231
5270
1768
5418
1564
4578
4328
1395
844
1297
1604
3255
2030
446
1065
3850
2527
378
696
2426
1765
103
5555
4494
1975
3002
2759
4596
4377
3199
559
4173
5587
1654
3219
952
4666
4549
5321
4285
823
3094
167
1003
5525
1177
4788
4906
512
1857
5146
4106
2656
4862
4379
2848
5178
723
825
355
4848
3874
2027
382
4637
3341
1081
1028
5596
4442
961
1675
1085
4188
395
4347
4904
3092
3085
1014
3337
4199
4349
2086
1502
2614
3853
2246
2200
4849
5360
3515
3958
4992
4390
1302
4193
4018
1750
1133
2389
1131
1414
2170
2888
4927
2771
217
4243
1418
4400
2060
3421
1316
331
152
136
1792
2414
756
4622
306
5166
326
3748
2694
3531
2117
3016
2631
1212
4281
2340
1468
2460
3113
1108
181
703
4363
4476
5617
4273
5000
2538
2002
257
3878
580
1190
403
3140
3758
4125
665
2526
3304
1623
2050
1557
3300
5608
4669
648
2199
3587
1598
2061
715
3778
888
72
247
4771
2551
2931
894
3838
1629
260
976
689
1546
488
5092
4900
1496
867
5050
3256
2781
4302
4189
2418
3586
1821
1500
52
2300
3262
1040
368
4429
1854
278
4606
5058
4714
2309
2068
3016
1041
2988
1084
4992
2990
2728
5371
5224
3443
2712
4422
5467
438
111
2415
1973
4144
2371
3217
4206
4700
958
3376
5353
1572
3668
1205
5452
543
3299
5345
1467
124
5138
187
1797
2904
123
1874
4745
3840
24
456
2680
1557
3737
1145
2319
4082
1394
4499
4599
5316
1845
2787
3571
2685
3229
1554
5034
5447
3994
4437
98
3940
3734
53
2137
1776
834
4150
2912
3174
906
928
1114
3170
1731
1817
4113
3220
341
4371
258
1854
5366
141
2471
3222
108
3738
2007
2642
2956
186
4580
2748
1012
3827
2356
5438
1298
724
5314
3607
5399
764
3630
2484
1407
4569
2913
117
1914
1990
1162
5160
4393
2978
772
1333
3050
2860
553
180
2363
172
4434
1742
2733
1682
1627
4384
4710
932
2135
202
2255
60
4993
3586
2955
3135
1087
2524
122
755
1232
3337
970
1879
670
288
5438
5670
4165
587
4493
3165
1730
3827
37
4506
3246
1544
5482
4372
4250
2029
2634
4816
1131
1705
4259
1322
5221
358
5452
1826
1848
1919
5571
4720
4507
1996
2515
1869
1023
1608
428
2456
2756
3146
4806
5395
197
3390
5528
1091
4724
1246
5482
4910
5242
2095
3484
3936
1682
1800
4890
4125
2220
915
998
1676
141
4417
3595
5208
4904
2123
231
2891
3393
4700
2083
1690
3655
9211 691
16571
1765
18089
24007
11676
2387
21705
16113
8640
9006
14408
10233
6740
21419
14432
21061
4613
23157
818
2958
4982
18348
3773
3834
21977
4058
18610
15608
18852
14299
4741
19733
14167
4597
17191
468
838
21935
21970
7926
3679
18848
26244
8847
23739
12292
2736
12104
19741
5238
20688
17854
1392
21913
14159
23495
4358
19210
2727
20994
15306
1939
726
26547
1738
2978
6071
8398
17906
4104
2445
21074
19226
12454
22340
18648
16964
12342
18868
15724
8990
27430
13476
3227
23503
19354
4103
25549
6383
352
10179
22742
20183
4569
22448
8135
26652
9471
1441
21258
15702
25994
23445
430
14886
1577
8399
3086
21367
23209
565
2665
13059
25963
14838
19007
15385
22806
23151
4535
19870
25225
16464
4249
25939
20244
1033
1288
2133
25319
25132
9376
5354
2009
991
22961
24954
7183
381
20778
19676
6597
5370
22457
9172
11823
13
16594
5096
4469
14461
6142
795
20120
2196
4229
5572
7083
17005
23280
2174
577
5793
3528
16438
49
15908
2820
20256
26690
3960
14722
7932
15347
14029
25394
4247
5209
14898
2698
13460
45
20458
9592
364
3447
18648
25491
10932
14344
11729
24917
4526
25589
8264
3723
26307
3079
11819
19022
1312
1192
7432
23086
621
1960
1155
7789
2134
2769
12205
13666
7124
17531
11902
7357
1179
20192
23907
20760
8874
18578
25838
3023
1229
3306
4201
4882
25624
9397
19389
20536
3471
12075
14483
8278
5002
22305
7864
4881
3608
10367
15302
2992
11040
23027
13825
3205
15536
24295
13951
5166
12335
21937
667
26119
24293
9738
3148
1969
18366
25538
25250
22890
5706
18866
18513
15652
6921
24817
1648
20166
6374
10315
19909
19341
3073
20462
7226
14154
19889
23911
22642
16381
14794
19405
9586
5043
14619
4171
19769
4181
21819
2693
4770
9867
14726
23076
23179
9662
17762
898
1094
25398
5063
26909
26865
2848
7166
11732
27378
23522
20392
8775
23429
11180
23043
3933
14441
94
25705
104
8311
8531
1049
21096
20356
4178
13626
2667
4489
4940
1821
17677
1297
26119
24003
492
9363
9362
174
24334
5120
244
20124
10607
15
1650
24418
6301
10809
17328
14805
18294
26447
8899
5102
22738
24850
9020
20336
10350
9107
759
2243
2089
8585
1264
18914
23923
11251
13834
17260
13058
3327
2315
19094
4806
18987
1883
19568
15392
20906
8558
1642
2639
5897
21709
10262
7979
25362
26651
16943
9749
23281
13798
9947
17198
661
8557
7981
711
15961
8625
6638
23833
6116
719
14237
8758
19021
20876
22452
25152
22915
9522
2861
9689
14573
15259
4165
2778
17741
7051
15232
6472
5610
12611
1532
25732
26862
6482
6315
19649
12045
3503
7596
2250
3702
10501
4552
16295
21680
2141
27574
27493
16526
1714
4407
6909
27202
8018
5123
25929
19339
4658
23913
15343
18119
15923
11905
16019
4459
4680
25956
20042
25942
25643
12334
2400
25170
4693
3329
2830
26010
1720
9983
7160
22929
12650
1378
3748
23634
3101
1723
23519
3476
9400
15861
27634
2016
27104
21792
1986
15527
3545
10337
15944
23678
21325
26365
15937
20843
7484
3424
3126
3412
3073
23574
7263
19285
3374
16611
18868
21603
21026
6131
5139
2878
12230
26409
11065
14157
1394
4689
23163
2981
14764
3256
2996
9163
19775
2976
4853
7547
9357
17117
5895
1077
3892
4483
3347
4258
13720
16564
14615
11198
1417
21332
18208
18470
5124
22287
8109
16262
9745
18077
13606
21234
919
24900
3414
24198
2086
7071
6867
1112
14049
3487
19335
18007
1913
463
8781
3151
24144
2524
450
20395
4746
15444
2715
5183
13849
5053
4916
20163
9443
1675
3640
18307
20741
24891
26136
17398
4668
18563
24901
18335
3824
1437
12688
23601
22549
7041
179
9462
16125
5475
7282
16753
22816
7805
2014
17219
4797
18190
1990
15179
7955
6819
1020
8721
6092
27541
1278
8037
392
3042
21938
2386
6964
19169
2312
4602
49
289
4208
3469
4935
20562
7738
5722
2478
3429
24655
4345
23146
1848
21279
886
2518
4988
16602
868
388
26458
16611
20505
22581
17175
19330
7934
18051
1410
13785
23547
1735
2360
10777
4317
6872
7088
1028
3003
3119
103
6487
3371
14838
3635
26450
26975
20008
25970
3944
24643
20438
12179
10414
18779
1164 775
3324
2056
1674
345
2393
3052
1601
1981
887
986
2993
2129
2462
1896
1177
3477
279
87
1109
703
2618
1259
953
2125
1068
376
1078
1443
551
1231
467
2552
550
1681
3252
2429
330
585
1935
3344
2393
2008
1169
749
501
2354
1576
1495
61
1790
2372
3393
814
3075
3346
134
2256
969
3067
934
3098
629
234
1558
379
2829
2882
2743
2266
2721
3126
3001
2405
1567
626
2453
2898
1538
1297
1361
3174
1832
1123
2324
2593
1946
3249
650
678
1575
890
1108
2782
1953
2144
1803
323
203
1295
297
2955
1158
2018
341
475
3026
2144
3144
1141
407
537
3168
2471
1629
209
880
2749
2605
1639
844
3304
3154
2294
354
1873
2814
3280
1713
3354
1404
1588
2321
2344
2374
3198
3231
2141
1978
16
1827
2106
3175
2119
991
1907
469
2974
998
3421
936
2411
3160
1088
2913
2612
1783
2191
1925
2543
1207
1785
900
3048
2494
989
2134
2067
1424
3096
1551
562
2757
1745
2240
493
66
3101
1155
1160
2068
373
2775
267
2931
633
1578
1163
3284
802
2307
2557
2513
898
2035
2496
3241
1962
3189
1768
1474
188
2745
2273
2286
394
767
1340
2822
1847
589
156
2565
1549
1090
335
1816
847
3103
972
3164
499
281
2928
2900
962
3061
2608
2573
1959
2409
3242
960
3237
1468
3041
1490
1961
867
1158
1366
2076
2677
3417
1378
1817
1480
180
2443
3133
993
1254
1491
2814
2938
535
319
2061
913
2251
262
1532
1780
1204
2443
1740
1975
2596
242
3451
1978
695
1118
24
1403
3073
1313
2297
2850
2146
1668
1729
3272
2250
1717
1848
721
2676
675
604
592
2658
3484
2653
616
795
2189
2467
2091
1687
1797
2230
330
3326
2010
1407
441
3284
2101
2321
901
2880
2148
1162
1055
1732
2599
103
2633
3444
78
2477
951
1252
2376
1202
2819
1459
109
2060
192
2093
695
3259
769
32
3319
469
1862
3063
3083
3453
1282
603
2390
132
2132
3327
632
2316
2375
3050
158
2382
1107
3466
1461
123
2633
2059
291
3429
1662
3120
1561
1387
2781
3221
1512
2558
2929
294
3489
2505
272
3146
247
1459
3025
3364
3208
3112
1731
2466
2171
1533
1831
1787
852
572
236
1407
1336
1508
3301
1608
3266
1204
499
276
2350
210
647
3020
2161
1202
1134
2982
2050
1323
2963
1346
680
2554
3301
3426
1599
1248
666
1544
267
1634
110
945
1186
1519
308
254
270
684
970
821
1800
1897
3048
2037
511
290
2587
1667
1659
1365
1726
482
467
1881
1648
1152
3220
3186
2975
2917
2000
1943
45
190
1436
1520
537
98
1950
1898
2924
1274
2158
1127
2880
455
897
1126
2300
704
3282
3039
986
171
745
791
1290
1576
677
3179
1235
2805
3119
2897
1607
3445
55
722
3254
1051
2793
298
2695
1488
232
361
954
252
2893
3279
97
205
280
2786
3250
838
1451
2835
1385
3311
2267
1178
574
1284
3262
1422
1009
987
1629
2457
1296
1898
3351
3231
928
2609
2651
3213
1600
3092
2715
752
394
232
2004
883
1631
2591
1599
2509
1382
369
1133
3125
1028
796
2491
2040
2262
1319
137
2077
2830
3258
293
1479
707
369
78
2640
560
1188
1301
1068
1439
2942
3182
3064
2421
2257
3308
2184
204
1205
2919
2959
1032
782
2626
2650
2156
1599
1532
3074
458
1132
653
681
2440
2792
3473
1891
587
931
2165
17
3107
2122
39
915
2800
1993
787
294
2709
1067
797
2760
1200
2241
2413
1759
1785
559
2785
432
2922
3020
3282
1725
650
2013
849
1877
2833
75
1442
2602
2883
3317
770
1954
2652
674
1298
1522
600
3477
2064
932
2694
2358
1022
393
3062
901
212
2919
435
1325
1273
3427
1154
592
513
645
677
885
2673
2090
407
2362
1099
79
1601
2505
2572
1780
3328
3048
2071
1340
775
688
192
2335
675
1250
2101
1659
2845
2915
772
2815
3073
1038
3133
81
3361
3163
153
3119
1251
3359
115
2441
2786
85
2234
553
1834
3199
3311
1206
675
769
1272
1785
604
185
777
2900
940
903
1886
1301
1508
163
398
544
1347
3429
3094
2080
3479
2848
1365
415
2916
1007
1006
1707
3182
592
635
1875
3062
709
3349
819
792
1871
2403
79
2992
1241
2463
906
990
1182
2139
869
2300
2190
3141
1089
1950
2150
2097
2127
1403
2070
34
2207
2907
691
2207
2355
303
1794
1627
1593
2681
479
