0
0
0
0
8284
0
0
0
0
0
0
0
0
0
4371
9720
0
0
0
3496
0
0
8040
0
6975
0
7237
6038
0
5629
0
0
0
0
4644
8557
0
53
0
0
0
11984
0
0
0
0
0
0
0
12407
0
0
1773
3116
0
5127
0
7254
0
0
0
0
3012
0
0
0
10938
0
0
8785
0
0
0
0
0
0
0
858
11700
0
0
0
0
0
0
0
0
0
8297
0
0
11798
2208
0
11752
0
8385
0
0
0
0
0
8721
0
10877
8704
0
0
0
0
1561
12246
0
9798
5638
0
0
0
2922
5033
11536
0
2063
17
0
0
0
0
0
0
10613
7364
3792
0
0
6469
0
0
12066
0
2768
0
0
0
0
0
0
6987
0
0
1078
7910
0
0
0
4456
0
0
1687
5454
289
10605
4652
1081
0
9542
0
0
6096
3921
0
907
9464
0
0
3102
0
0
0
0
0
0
0
0
0
0
0
0
0
11548
10930
0
5615
0
0
11036
11380
0
0
0
0
0
1916
0
5527
0
0
0
8776
0
0
0
777
2695
0
0
8109
0
0
0
0
0
7769
169
0
6893
4786
0
189
0
0
0
0
1538
0
1255
0
0
10872
0
0
0
0
9584
0
247
0
4650
0
0
0
0
0
4834
10838
0
0
0
9490
5071
0
4278
0
0
0
0
0
0
0
0
0
0
0
0
0
0
3844
0
9266
11765
0
0
0
0
12414
0
0
10505
1834
0
0
11758
0
0
0
0
0
0
0
0
0
2432
0
5424
0
0
0
0
0
4467
0
0
11758
0
3131
0
9193
0
0
0
0
0
0
0
0
0
0
2312
0
11388
0
12196
5968
0
9048
8207
0
2400
12298
0
6721
0
0
0
0
0
0
1229
5807
0
9239
0
0
0
10245
2176
9050
0
0
0
6151
3205
519
0
0
0
8804
0
0
0
0
5515
10476
3787
0
0
0
0
0
0
0
0
0
1410
1612
3742
8844
0
0
0
0
4453
0
0
7558
0
0
0
8393
8732
1933
0
6123
0
4352
0
0
10620
0
0
7116
0
106
0
0
0
0
0
0
10380
0
0
0
6301
2991
0
0
0
11134
9426
0
0
0
12365
0
5288
0
0
0
11453
0
0
0
6025
0
589
0
0
0
0
0
0
8434
0
0
0
5075
0
0
0
0
0
0
0
0
0
0
0
8063
0
0
0
0
6726
0
0
494
0
0
0
0
0
0
3922
10301
0
933
0
2444
12169
0
0
3998
0
8157
0
4502
0
0
0
8443
0
0
7957
3259
0
4047
7352
5488
0
0
0
0
0
0
5920
10956
0
9220
0
2275
3722
0
0
10260
0
0
0
9485
0
3713
0
0
3263
0
0
5027
0
0
0
0
0
0
0
0
0
0
0
0
0
0
0
8670
0
0
0
0
0
10318
7263
0
5078
0
0
0
0
0
0
6069
12018
7007
0
0
11134
1097
0
0
0
0
0
11224
3882
0
7506
0
1380
0
0
626
0
0
10762
0
0
4535
1080
0
0
6957
0
0
0
0
0
0
0
0
1546
184
8519
706
0
0
0
0
0
9446
0
0
8473
1387
0
0
5763
9790
0
0
0
8591
9670
4475
384
884
1343
12255
2860
0
0
1121
0
9132
0
0
0
0
0
4133
11881
0
191
0
0
0
9766
4654
0
0
1007
0
0
0
9761
0
3574
0
12459
8108
0
8114
0
0
721
5507
0
0
0
0
0
0
0
8931
0
5421
10788
8087
0
0
0
2990
0
10690
0
0
7211
0
7187
12344
0
12173
0
0
0
2772
12045
1043
0
0
426
0
0
5664
0
0
9801
15722
0
0
0
2776
0
14537
0
2456
0
14741
0
0
12071
11097
0
0
11399
13999
5868
906
14689
0
0
0
0
0
13680
0
0
3016
0
0
0
260
7964
0
11121
3186
5728
6711
0
13374
4468
0
1144
0
0
0
1592
12856
5248
7227
5379
0
12707
0
0
1731
0
5893
3972
0
15199
0
0
0
14448
0
0
0
0
0
0
0
0
0
2276
6
0
0
0
0
0
0
0
10578
0
8975
12550
7271
10914
7755
0
0
15407
5450
14143
0
14978
13205
0
889
0
0
0
9466
0
7007
7765
0
0
2413
2724
0
13454
11694
0
11731
0
0
0
0
0
13182
13279
0
3768
4791
6629
0
13561
0
10167
1384
0
9445
1640
1691
15358
0
0
11651
0
0
3631
1441
0
2177
10444
0
6351
0
7804
0
5186
0
5417
15230
2593
0
0
15140
15230
6396
9357
5800
0
0
7188
544
0
0
14307
0
2302
1830
0
0
8066
0
5815
8358
0
0
13823
0
0
0
6587
0
0
0
0
0
0
0
0
6274
6025
12461
0
0
10723
0
13263
0
0
0
0
0
0
15745
12407
0
4525
0
317
11758
6032
0
0
0
11317
7891
0
14889
0
0
8904
62
10637
8438
0
14834
0
0
12384
0
3853
0
0
165
4765
12734
0
0
0
13495
13214
0
0
0
12375
0
0
12777
0
0
6127
3351
14844
0
0
13879
9189
463
0
7182
0
0
14755
0
0
0
7132
0
14105
0
0
0
0
1690
6605
4992
0
8625
11179
4798
14127
0
0
0
11210
14972
0
14328
4125
0
7719
5546
9998
0
7886
3538
0
8752
2845
0
9676
0
6204
3867
3946
6054
0
0
9971
0
0
0
0
0
0
14639
7450
0
14027
8642
0
15449
14791
0
14588
8532
0
6339
10683
14429
2568
5576
0
2586
14040
8060
5028
0
0
0
2693
0
0
0
15933
7004
9337
3363
0
0
202
8987
0
12951
9967
11725
0
1043
4481
0
2174
0
0
0
0
11241
10564
0
13474
3091
1571
15930
0
0
0
15617
3948
11019
0
0
0
0
0
8078
3410
7471
0
0
5002
0
1369
0
0
876
0
0
7751
0
9637
0
6603
0
0
0
0
0
10174
3614
0
0
78
1535
0
0
0
11936
9880
4074
0
10422
0
12557
102
5411
4927
0
0
0
0
14361
9766
0
0
9083
9387
0
12588
0
14613
0
0
6947
0
10489
11153
0
0
7131
0
0
12837
4296
4713
5079
8143
8589
0
15183
0
8900
0
9481
0
2202
0
0
0
2261
0
10375
0
7701
10870
5405
9210
0
12291
0
3631
0
6879
233
0
0
0
0
0
938
2309
0
14724
0
0
9280
0
0
0
7199
7298
12184
0
0
9275
0
0
703
14436
0
1384
0
0
0
7345
0
0
0
13528
1391
5208
0
1165
5701
0
2470
6230
10500
494
0
6204
0
0
0
5571
0
0
0
0
722
0
9329
0
5882
0
6093
14723
13267
8894
2007
8361
9421
0
0
0
0
11294
0
0
15006
10360
0
0
0
0
0
12902
1176
11875
0
0
2077
14505
0
0
0
0
249
0
0
15611
0
14871
0
7219
5501
14577
2703
0
9845
1681
0
12777
4349
0
6927
0
15874
2329
0
0
0
0
0
14292
0
0
0
0
0
0
5864
7680
0
8969
0
0
15282
669
0
0
6441
10920
1395
12393
500
0
0
0
5706
3523
0
0
7903
11830
4479
0
0
12944
7943
1235
586
11265
0
0
2514
8550
9357
12448
12866
0
0
0
0
0
12607
0
0
14814
11039
14020
13576
0
0
0
2575
6354
7973
0
2775
0
0
0
0
8927
0
15104
13582
7960
0
0
11701
3311
11941
13699
7764
0
0
10548
6976
0
0
4187
0
9377
0
1210
10213
2235
0
0
0
13408
0
0
13084
8131
12933
1099
0
10758
5779
2783
5777
13925
0
0
0
10674
0
7120
6820
0
0
0
0
0
0
0
15082
0
6724
0
0
14787
0
0
15018
0
0
12030
0
0
0
0
2400
3909
2967
1744
13836
12625
8580
0
0
4051
0
8682
0
0
0
0
14757
15893
2381
5182
2832
1880
14647
5284
0
5442
9310
0
2792
0
14312
9265
0
0
0
14056
4849
11542
0
6202
7826
0
0
0
11573
1882
0
7982
0
0
0
15266
0
0
12779
0
0
15532
0
0
12889
0
0
0
757
0
14268
0
0
0
0
12889
12844
0
11401
9992
12470
477
0
1563
0
0
1080
10204
1811
8889
7386
7276
5188
0
8259
12819
3563
0
0
13781
0
0
0
8774
6645
0
0
12447
1937
0
1777
16
3803
0
0
0
0
0
2475
0
3003
0
0
0
3811
2013
0
12532
0
0
6920
0
3763
0
0
13531
0
0
0
0
10315
0
2000
0
0
0
2768
0
0
0
7207
369
0
15810
0
0
0
12916
13427
3205
0
0
0
14603
0
5892
0
0
0
15304
8651
0
0
0
6382
14428
0
7399
0
0
0
0
0
0
14210
4585
9168
2036
0
0
0
0
442
313
0
0
0
1762
5791
0
0
10211
0
0
0
0
0
0
13693
0
1625
0
3516
0
0
11835
0
0
0
0
1650
4263
12078
0
6689
0
3651
0
0
7937
13852
0
3525
5525
0
0
14787
7817
14086
0
11912
0
0
0
1363
0
0
4473
0
4103
0
10590
0
0
0
0
0
0
0
0
2358
0
1738
797
0
269
0
0
3816
0
0
0
0
0
0
0
0
0
0
0
0
0
4066
0
0
1563
0
0
0
3206
0
0
0
0
0
0
373
0
3790
0
0
0
0
0
0
0
0
0
4295
0
0
836
0
0
0
0
4495
0
0
0
0
0
0
0
0
163
0
0
0
0
0
0
0
0
0
0
4161
1358
0
0
0
0
0
0
0
0
0
0
0
0
0
0
0
0
4101
4481
0
0
0
0
0
0
0
0
0
0
0
0
0
0
1015
0
3961
0
0
0
0
0
0
0
0
805
617
0
0
0
0
0
0
1300
0
0
0
2808
0
0
0
4363
0
0
0
0
0
0
0
0
1583
2768
0
0
0
0
0
0
0
0
0
0
0
0
0
0
0
0
0
3416
4263
0
0
0
0
0
0
198
0
0
0
0
0
0
0
0
0
1041
0
0
0
0
0
1228
0
0
0
0
0
0
3714
0
0
0
0
0
0
0
0
0
0
0
0
0
0
0
0
0
0
0
0
0
0
0
0
0
0
0
0
0
1756
0
0
0
0
0
0
97
0
0
0
0
0
0
0
0
0
0
0
0
0
0
0
0
0
0
0
0
0
0
0
0
0
0
0
0
0
0
0
0
4378
0
0
0
0
2066
0
4470
0
0
0
0
0
0
0
0
0
0
0
0
4367
0
0
0
0
1147
0
0
3270
0
0
0
0
0
0
3736
0
0
0
0
0
0
0
0
0
0
719
0
0
2794
0
4324
0
2215
0
207
0
879
0
0
0
768
0
0
2343
47
0
0
0
0
0
0
0
0
0
4086
0
2148
0
1351
0
0
0
0
0
0
0
0
0
0
0
0
0
0
0
0
0
3140
0
2261
4287
0
0
0
0
2876
0
0
0
0
0
0
0
0
0
0
0
0
0
0
0
0
0
0
0
0
0
0
0
0
2396
0
1352
0
0
0
0
0
0
0
3663
2557
0
0
0
0
0
0
2607
0
0
0
0
0
0
0
0
0
0
0
0
0
0
0
2736
0
0
0
0
0
0
0
0
0
1395
0
0
1503
0
0
0
3821
0
0
0
0
965
3984
0
0
0
0
2882
0
0
988
3965
0
1976
0
0
0
0
0
0
0
0
0
0
0
0
1599
0
0
0
0
0
0
0
0
0
0
0
0
0
0
0
0
0
0
0
0
0
0
0
0
0
0
0
0
0
2978
0
0
0
0
0
0
0
0
0
0
0
2617
3369
0
0
0
0
0
0
0
0
0
0
0
0
0
0
0
2259
0
0
0
0
1516
0
0
0
3520
0
0
0
0
0
0
0
3667
0
2958
0
0
0
0
1076
0
0
0
0
826
0
0
0
0
0
149
0
0
0
0
0
0
0
0
3378
0
0
0
0
0
0
0
0
0
0
0
0
0
3317
0
0
3589
0
3250
0
0
0
0
3454
0
2437
0
696
0
0
3975
3876
0
0
0
4135
0
0
0
0
0
0
0
0
0
2477
3785
0
0
0
0
0
1154
0
0
2294
0
645
0
0
0
0
0
4476
0
0
0
0
0
3882
0
0
0
0
0
2223
0
0
2504
0
306
0
0
0
0
0
0
0
0
0
0
4553
2648
0
0
0
0
0
0
0
4561
3346
2593
368
0
3312
0
0
0
0
0
0
0
0
0
0
1893
0
0
0
991
3355
0
0
0
2405
0
0
0
0
0
0
0
0
0
0
0
0
0
0
3226
0
1053
4053
0
0
0
1208
0
3316
0
0
0
0
0
0
0
726
0
0
3868
0
0
0
0
0
0
0
0
0
0
0
0
0
0
0
0
0
0
0
0
0
0
0
0
0
0
0
0
0
0
3188
4024
1170
0
0
0
0
0
0
0
0
968
0
0
74
0
0
0
0
2181
0
0
2021
0
0
2645
0
0
0
0
0
0
0
0
0
0
0
0
3047
0
0
0
0
0
0
0
0
0
0
1977
0
0
3436
872
0
0
0
0
0
12491
3522
0
0
0
0
0
0
3142
0
7089
6872
0
10280
0
10876
0
0
0
6322
2863
7689
9531
5204
11562
5043
0
0
11156
0
10953
0
0
0
0
0
938
0
1852
0
1600
5976
0
1291
4096
0
3221
0
0
0
0
0
0
9010
0
0
0
0
0
0
11259
0
4351
10206
0
0
0
0
0
0
0
12169
8470
0
11923
0
0
0
5878
0
0
5004
0
209
645
11507
3510
0
4992
0
0
0
12782
2201
935
0
0
4885
0
0
0
10719
0
0
0
0
0
8833
0
0
4733
2437
0
11333
6507
0
812
4820
7822
0
0
0
0
0
0
0
9511
605
12843
0
0
0
0
0
11158
383
0
0
11766
0
0
0
5009
0
0
0
10743
6454
5638
0
7597
0
0
0
0
0
0
8224
0
0
10711
6536
5146
0
0
0
0
0
9549
0
0
0
0
10895
4761
0
12533
1373
6669
5943
0
0
0
0
9269
0
0
0
0
0
0
4816
11508
7454
0
0
0
314
0
2736
0
0
2328
0
5438
2407
0
0
0
5068
9876
0
0
0
0
738
0
0
0
0
0
10354
0
9656
0
0
0
11663
0
3484
0
9971
7448
2438
0
0
7481
0
0
0
2765
11826
12406
1344
0
0
0
0
1998
0
4461
12085
0
4282
0
12150
0
11308
0
0
0
0
4784
0
8411
0
0
0
0
10265
4994
0
7813
0
0
983
5766
9656
0
0
2998
0
0
10485
0
0
6039
3280
8070
0
0
11278
0
0
3894
0
0
8406
0
0
10384
6403
3695
0
1275
7941
0
0
0
0
3243
354
5605
0
11603
0
12309
0
1206
0
2298
0
863
4867
0
5626
0
0
7525
0
0
0
3645
0
0
5195
0
0
9032
0
9733
0
0
8888
0
2837
4531
5210
0
7280
389
0
11815
1007
2783
4645
0
6557
0
0
6010
0
0
0
0
0
0
0
3264
4116
0
6470
7329
0
0
0
0
0
12520
0
0
4881
0
9819
9398
0
0
0
0
0
0
8232
0
6484
0
4160
0
0
0
4414
0
0
0
10900
5807
0
0
0
0
0
0
0
0
0
6104
504
1614
0
0
0
0
0
0
11276
9361
0
10825
0
8486
0
6678
9028
0
0
7908
0
0
0
10316
0
0
8656
0
0
0
4506
0
0
0
0
0
0
0
7295
0
0
0
1121
0
0
1349
0
9476
0
3676
0
0
0
0
0
0
4283
2556
0
11919
5777
0
1683
7630
0
1339
1515
0
0
0
12259
0
0
0
7683
0
0
0
7151
0
0
0
5099
0
0
0
9374
8327
847
5025
0
11300
0
0
5133
7467
6414
0
0
1650
0
0
0
12277
0
0
9154
0
10930
0
2974
2392
9454
0
4203
9155
0
8321
0
12458
12462
0
0
0
0
0
0
5801
0
0
0
7967
6262
0
11648
0
0
0
0
0
4130
0
0
0
0
0
0
0
11510
0
0
6493
1183
0
12514
8778
0
10068
3753
9392
0
0
0
0
11449
0
0
0
0
2711
10169
2223
8106
0
5102
0
0
0
0
0
10439
0
0
0
0
0
0
0
0
848
2267
0
230
11369
0
7290
0
0
0
0
0
2666
8705
0
4497
0
0
0
0
0
0
5725
0
0
0
11793
0
8577
2163
0
0
12417
0
0
0
6564
4186
8952
5073
0
4600
6689
0
0
133
4372
12833
0
0
0
0
0
0
0
0
0
0
0
2485
3091
0
0
0
0
0
11788
0
0
0
0
0
0
0
0
0
4793
0
10234
0
0
0
0
4056
0
0
0
0
0
0
0
0
3278
11017
7144
0
0
0
0
6810
2719
0
8736
8928
0
1752
0
0
0
0
0
5207
5488
6970
8013
174
0
0
0
7309
0
7964
3702
8009
5207
12810
0
0
5855
0
4883
0
3503
0
5272
0
7694
831
0
0
6074
0
4508
0
0
0
0
5847
750
8203
0
0
271
3644
2294
0
624
0
0
1626
0
0
590
9344
2530
0
8767
6829
3330
6939
6582
0
0
0
3183
3002
7540
0
2896
2876
3699
0
8739
7932
3339
0
4565
7843
1278
200
845
3171
8450
1091
6931
0
1759
4605
0
6318
0
0
9196
7888
4887
8094
0
0
96
4954
1985
0
0
0
536
7271
3287
1940
8037
3594
2889
1850
2745
8345
0
0
3910
9292
6616
0
6106
0
2547
7413
0
0
0
0
0
7023
3821
4112
1869
3561
2543
0
7668
0
5593
0
0
0
0
1451
186
1757
64
7816
3392
0
8859
0
0
7163
728
0
4416
0
0
71
0
7987
0
1334
4871
8481
8862
1669
7800
5144
8571
0
293
110
6129
6232
8495
3043
2182
0
2554
0
9002
3931
0
803
4240
8602
0
0
0
0
0
0
4091
6479
3135
5433
0
6562
1263
3209
3364
6220
5724
2132
2131
0
8209
8276
4555
690
0
799
6159
718
5768
0
1743
0
0
304
9375
2582
0
0
6109
0
2388
2730
8751
1341
0
0
6715
528
0
4505
6249
0
6680
0
0
0
0
0
3122
9355
0
0
3097
4159
8000
4750
0
4268
2705
0
0
0
0
107
0
0
253
1413
0
0
0
0
4551
7808
4215
7572
6579
5767
0
0
6870
2189
6781
2209
1175
0
4415
0
6513
5201
8106
6675
0
0
4535
374
0
0
0
159
4696
0
3063
3849
0
496
3763
0
0
0
0
0
0
0
4114
0
8579
0
0
1923
7770
5620
0
0
0
2355
0
9361
0
0
6501
7746
0
2266
0
0
6847
5022
0
0
5302
0
0
4276
0
686
809
4057
0
0
6510
2633
0
0
0
0
0
4472
0
3396
0
0
0
0
0
281
0
0
0
0
0
0
0
0
0
0
6988
7630
0
0
0
1974
8364
5602
7540
4944
502
2001
6198
9160
0
0
0
2961
0
5650
6764
2674
7012
0
0
4376
5901
0
2493
0
0
0
6973
0
4674
257
0
8583
8027
5125
0
0
0
4439
8589
0
0
0
0
7937
0
9127
7084
9038
5016
0
64
9447
0
1745
0
0
10418
0
11569
0
7424
0
8879
0
0
4866
0
0
0
11115
11397
10000
0
2732
0
8448
3176
10966
455
10678
8533
7594
10746
0
8835
0
0
0
12372
9143
7859
5787
0
5960
5369
0
3757
6078
12329
0
0
4319
3110
0
4551
8551
11269
1092
12599
11392
0
954
0
0
0
0
1168
8281
6943
0
1799
8544
4789
8715
7355
0
0
11549
11949
1075
0
9262
12526
0
0
898
7615
8388
0
13120
0
6084
0
7184
0
0
10041
11038
0
0
12232
0
4897
10677
7630
5750
0
0
0
0
9580
8358
514
5954
0
0
8546
0
0
0
11081
0
11050
0
0
0
0
8417
0
1732
0
0
0
0
8519
9568
2597
13162
0
8935
0
659
0
8046
0
9192
949
1891
0
0
0
0
0
8782
0
4030
0
976
0
0
5358
7584
11797
10181
5574
0
11689
0
0
0
12298
0
0
0
0
0
4477
29
8460
11312
10996
0
0
0
10050
5591
2896
0
0
13130
7310
2968
0
3791
8533
12958
0
0
10467
0
816
0
0
8963
12491
0
0
5329
0
12135
3280
12937
2818
5855
7373
0
10161
1797
8652
8451
0
0
0
0
309
6872
0
8100
0
9198
0
10140
0
11423
11723
3819
11005
0
0
0
0
0
9025
0
5661
9949
13033
0
0
4499
11514
5909
0
0
13224
0
0
12941
0
8498
10436
0
4693
0
7957
5361
0
0
3911
0
12205
0
4611
2144
10577
2414
0
0
9191
0
0
0
1840
6611
0
0
8986
12138
9550
2457
1923
0
0
13406
12533
2198
5630
0
11256
4952
12238
0
0
0
0
798
0
11279
4123
0
10415
1988
0
0
10873
9165
0
0
2225
0
0
0
9592
0
6226
0
11039
0
10683
0
4063
0
11792
8987
459
8548
10436
5138
0
0
11905
0
7721
0
0
207
2841
2158
10444
10976
0
0
0
0
10002
1307
0
7303
0
0
10318
0
0
9648
7350
0
11051
0
0
9668
7960
12157
1584
604
1342
0
0
11310
0
10204
11035
9799
12901
4910
0
0
11965
8377
0
10736
0
0
1134
0
9945
0
4712
0
1651
0
9239
0
11930
0
7015
8586
724
2973
5144
0
3582
11707
2578
0
5727
0
11992
0
8925
7987
0
9629
0
0
12239
3519
0
11340
10701
9081
9541
1795
12482
0
9714
9814
9628
12633
0
0
2957
9101
0
11744
12096
0
7574
7188
0
13207
12362
0
2641
9877
8467
0
0
6674
0
11715
398
11547
12917
11781
10085
5281
4486
6903
0
0
2343
8551
8300
669
2847
10442
6717
13375
0
9299
0
2451
0
0
0
12528
3919
2120
186
2497
586
0
11390
0
0
102
0
0
0
0
0
0
4019
13130
8902
1870
11590
1360
4290
8078
0
11242
4939
0
9747
12592
0
0
0
5097
9376
3669
427
7816
194
981
10252
7776
0
0
0
0
0
0
10338
10620
12789
0
11028
0
1479
8606
0
10402
7402
2297
9927
12638
1985
0
0
0
0
3413
8648
9140
0
0
13356
0
689
1359
0
8562
0
7978
11291
12347
0
0
13085
7274
0
5240
0
9454
0
0
6821
0
11242
2054
12309
5228
10168
8265
9672
0
0
0
5357
0
0
0
0
994
9563
8627
6085
3095
0
0
8470
12036
8687
8877
10591
7958
0
0
4115
0
3244
0
8794
0
9718
5305
0
0
8745
2977
0
7499
9268
8950
1337
9485
99
0
3146
0
0
1267
0
8560
11874
0
9270
10594
0
9375
0
10875
0
11133
7633
11046
0
0
0
10562
1110
8085
0
0
8053
7206
3780
0
0
13117
0
2425
8585
9747
0
2847
1013
0
9510
0
6182
0
11587
10490
7836
0
7486
7564
0
0
0
7969
8153
239
7809
9548
3626
8273
0
0
2471
0
8526
0
0
0
0
673
8016
11356
10658
7045
9444
0
0
7572
0
10276
12469
0
6968
0
0
10296
0
5045
6015
0
0
0
0
0
0
8684
1029
0
3004
9802
9981
0
282
0
7173
3052
1535
8418
10041
9550
6867
10014
11858
11263
4324
0
11587
3661
0
12273
0
0
0
0
9091
0
0
0
13262
0
6163
1821
0
0
11772
0
1213
7575
0
0
9694
0
3949
6739
0
1088
0
0
0
0
8622
8618
0
0
0
0
13266
10780
10475
13287
12129
0
0
1368
12
7656
11933
10176
0
8706
0
0
0
0
7824
0
9590
9197
12624
0
0
11324
9902
10473
0
9508
7467
0
2262
266
11314
0
0
9462
12736
10316
8581
0
4006
9595
5321
4569
0
3098
13333
10084
9701
4743
0
6944
0
1542
0
0
2457
0
0
0
0
3686
6533
0
0
0
0
0
0
3427
0
5680
5491
0
0
0
0
0
0
1457
0
0
0
0
0
0
5379
3484
1594
4113
1702
0
0
0
0
0
5473
6963
0
0
0
0
2836
0
0
0
0
0
0
0
0
783
0
0
0
0
6260
0
0
0
4931
0
1097
0
0
1006
0
4751
0
0
0
0
6179
0
323
4655
0
0
0
0
0
0
0
0
4885
1074
0
0
0
0
0
0
0
0
0
0
0
0
0
0
0
0
2814
0
0
0
0
0
0
0
0
0
0
479
0
4382
7043
0
1335
0
0
0
0
0
0
2510
0
0
0
0
783
0
0
0
4926
0
0
0
0
1747
0
0
0
0
3288
0
3315
0
4790
0
0
4294
0
530
0
917
0
0
0
0
2576
0
0
4280
0
0
0
0
0
0
0
0
0
959
0
0
0
0
0
5754
0
5521
0
0
0
0
1004
0
0
0
0
0
0
0
0
0
0
0
0
0
0
0
733
0
0
0
0
0
0
6801
0
0
0
0
0
0
0
0
0
0
834
0
0
1012
1205
0
0
0
2564
2840
0
0
5944
0
3778
0
0
5949
0
4314
4943
0
0
0
0
0
0
0
0
0
0
5433
3267
600
1070
0
0
0
0
2235
4112
0
0
0
0
0
0
6923
0
0
0
5236
2319
0
0
4032
6497
0
0
0
0
0
0
0
0
0
0
0
0
0
0
501
0
4617
0
0
0
0
0
0
0
0
2505
0
0
0
0
0
0
0
0
205
0
0
99
0
0
0
468
0
105
0
0
0
0
0
0
0
0
0
0
0
0
1503
4468
0
0
3644
2696
0
0
709
0
0
5472
0
0
0
0
1345
5356
0
0
0
0
0
0
0
3817
685
0
454
0
0
0
0
0
0
1731
0
0
1245
0
0
0
3437
0
0
2740
0
0
6878
3517
0
0
0
0
0
0
0
3038
0
0
0
518
0
4272
0
0
0
0
0
0
0
0
0
0
2340
0
0
0
0
0
4763
0
0
0
0
0
0
0
0
6686
0
0
0
6561
4839
0
0
0
0
0
5220
0
0
0
0
0
0
2288
0
0
0
4421
6336
0
0
0
0
7423
2478
0
0
0
0
0
0
0
0
0
904
0
0
0
0
0
935
0
5787
0
0
2998
3622
0
0
0
0
5650
0
1617
4187
0
0
0
0
0
0
0
0
4157
3984
0
0
398
0
0
0
0
0
0
0
0
0
0
1428
0
5259
0
0
0
0
0
5375
0
0
0
0
0
0
0
0
3214
0
0
1331
0
0
560
0
0
0
0
0
0
0
0
1442
0
0
0
0
5656
283
0
0
0
0
0
0
0
3392
6379
0
0
0
0
0
0
0
0
0
0
0
0
0
0
0
0
0
0
0
0
0
0
4958
0
416
0
0
0
0
0
0
0
0
0
0
0
0
0
0
2962
2683
5713
0
0
0
0
0
1086
0
0
0
0
5478
3265
0
0
0
0
3389
0
0
7032
2227
0
0
2415
0
355
0
0
0
0
0
0
0
0
388
0
0
0
0
0
0
7306
0
0
0
0
0
0
0
0
0
5922
0
0
1187
0
0
0
0
0
0
0
0
0
0
0
0
0
0
0
0
0
0
0
0
843
0
0
0
0
0
0
0
0
0
0
0
0
0
0
0
0
0
0
0
499
0
0
0
0
0
3512
0
2335
0
0
0
745
0
0
0
0
0
0
0
0
6122
0
0
0
0
0
0
0
0
0
0
0
5674
0
348
0
0
0
0
1748
2501
0
3764
0
0
0
3727
2632
3860
2168
0
3582
7421
0
0
0
0
0
5078
0
4875
0
0
0
0
0
0
0
0
0
0
0
0
0
0
1695
0
2540
665
0
5516
4324
0
0
0
0
6097
0
0
4918
0
0
0
0
0
0
0
0
4903
6697
0
0
6691
7386
0
0
0
0
1922
0
0
0
0
0
0
0
3669
0
5199
0
0
0
318
0
4299
2206
0
0
0
0
0
0
0
0
0
0
0
0
0
0
0
0
0
0
0
6196
5880
0
0
0
0
0
0
0
1007
0
0
0
0
0
4219
3362
0
0
0
0
0
0
0
0
0
697
0
0
0
0
0
0
0
172
5325
0
0
0
0
0
85
4260
0
1852
0
0
2776
0
4686
0
5984
0
152
0
2691
0
0
0
0
0
4857
0
0
4652
0
1290
0
5542
0
0
0
2021
0
0
0
0
0
0
0
0
0
0
1307
0
0
0
0
0
0
0
0
0
6919
0
0
0
0
0
0
0
0
0
1474
0
0
0
0
0
0
7269
0
0
0
6103
0
0
0
2914
1645
0
0
0
0
3027
0
0
0
0
0
0
0
0
0
0
0
0
0
0
0
0
0
0
0
0
0
0
0
0
0
2925
0
1209
0
0
0
0
0
0
0
0
0
0
0
0
2636
0
0
0
0
1212
0
0
0
0
0
3
0
0
2772
0
0
0
0
0
2066
0
0
0
0
0
0
0
0
0
0
0
0
0
0
0
0
0
0
0
0
0
0
0
0
0
1807
0
0
0
0
0
0
0
0
0
0
1923
0
0
0
0
0
0
0
0
0
0
0
0
0
0
0
0
0
0
0
0
0
0
0
0
162
519
0
0
0
0
0
1852
0
0
0
0
0
0
671
0
0
0
0
0
0
0
0
0
1519
0
0
0
0
0
0
0
1603
0
0
3032
1716
0
0
0
0
0
0
0
0
0
0
0
2368
0
2731
149
0
0
0
0
0
0
0
0
2119
0
990
1453
0
0
0
159
0
0
0
0
0
0
0
1808
0
0
0
0
0
2091
0
0
0
0
0
0
0
1167
0
0
0
0
0
0
0
0
0
0
0
0
0
0
0
0
0
0
0
0
0
0
0
0
0
0
0
0
2042
0
0
0
0
0
0
0
0
0
0
0
0
1797
0
0
0
0
0
0
0
0
1705
0
372
0
0
0
0
0
1809
2741
0
0
0
0
0
0
0
0
2223
0
0
0
0
0
2121
0
0
0
0
0
0
0
0
0
0
0
0
0
0
896
0
0
0
0
174
0
0
0
0
0
0
2122
0
0
0
1344
0
0
2148
0
0
0
0
0
0
0
0
0
0
0
0
0
0
0
0
0
0
0
0
0
0
0
0
0
597
0
0
0
0
0
0
0
0
615
1393
0
0
0
0
0
0
0
0
0
0
0
0
0
0
0
0
0
0
0
0
0
1541
0
0
0
0
0
0
529
1636
0
0
0
0
0
0
0
0
0
0
0
0
0
0
0
0
0
0
0
0
0
0
0
0
0
0
0
0
0
0
0
0
950
0
0
0
0
0
0
0
0
0
0
0
0
0
0
0
0
0
0
0
0
0
0
0
0
0
0
0
0
0
0
0
0
1589
0
0
0
0
0
0
0
0
2609
0
0
0
0
0
0
0
0
0
0
721
0
0
0
0
0
242
26
58
0
266
0
98
280
315
0
309
2
166
29
0
195
0
0
0
0
159
229
0
169
0
300
4
218
286
47
107
95
86
285
124
146
0
0
0
221
0
0
43
155
292
266
63
0
320
0
190
253
0
48
0
0
0
150
168
293
60
120
30
71
0
0
132
27
192
124
8
0
55
0
193
111
53
274
199
209
64
0
236
82
0
0
82
253
320
0
0
201
0
46
0
235
319
175
147
73
279
125
0
0
125
56
0
198
102
48
242
0
0
187
20
42
20
2
0
0
0
58
0
320
120
0
16
0
278
0
0
270
238
29
8
0
207
126
309
92
148
308
0
253
78
184
0
0
268
137
259
185
14
0
120
175
0
161
0
256
114
154
139
73
187
162
296
314
0
305
252
116
0
0
0
48
171
311
0
155
0
0
135
163
0
162
85
210
194
0
0
26
0
0
288
121
297
0
0
118
308
0
75
233
284
108
91
119
192
0
208
225
88
0
0
133
68
68
225
69
28
0
0
115
0
92
195
96
187
115
0
0
0
130
0
81
190
0
232
0
102
66
175
0
0
319
302
96
14
128
63
294
30
66
230
0
192
279
23
101
77
8
75
305
24
43
0
0
91
44
0
276
77
0
105
244
280
0
225
0
0
0
256
0
112
268
215
199
217
0
165
26
70
250
0
183
7
242
315
286
0
168
117
277
264
271
62
0
227
0
228
0
0
217
64
253
153
215
160
0
2
255
319
0
45
0
188
220
0
0
105
166
34
194
243
2
183
84
0
96
151
19
291
84
0
0
0
211
123
36
154
0
96
36
236
0
19
0
94
137
156
0
18
99
95
0
0
0
289
207
227
0
0
0
0
129
144
259
106
315
216
0
73
0
190
0
0
0
234
14
0
306
262
62
159
117
218
0
0
0
8
0
276
0
250
237
7
104
0
0
0
0
0
213
282
105
120
0
0
282
25
34
39
0
157
124
253
107
0
284
0
0
135
228
34
0
310
37
201
92
0
0
0
79
45
282
282
110
0
82
0
94
191
0
169
0
1
68
0
227
0
219
0
0
267
0
104
284
7
0
0
0
283
0
257
36
246
0
0
245
285
102
56
69
0
227
0
0
0
293
0
0
0
286
0
247
216
24
45
155
95
0
0
0
0
0
123
0
0
11
175
0
0
265
0
125
210
113
197
0
119
0
244
130
0
263
35
213
0
0
210
271
255
16
0
0
32
0
0
0
146
0
4
278
0
117
197
253
0
42
0
314
0
90
0
307
314
304
87
5
308
0
20
37
4
0
106
0
0
117
227
308
0
0
93
0
29
0
144
175
42
237
80
90
202
21
275
0
107
275
254
0
151
0
56
41
82
0
0
0
0
317
211
175
258
209
94
292
0
269
153
0
0
148
37
0
207
131
196
135
197
245
115
319
110
0
5
232
86
143
275
232
62
136
126
0
206
285
308
0
95
45
173
0
199
207
211
82
305
52
0
177
13
67
39
0
42
157
0
180
243
70
276
0
102
0
0
1
0
312
0
0
0
0
0
148
0
122
0
260
85
172
29
237
0
305
312
149
321
52
317
184
307
127
239
296
0
0
308
0
0
106
248
319
158
0
318
187
151
0
110
124
0
276
47
124
302
86
228
0
299
0
236
0
274
0
188
0
0
31
0
223
166
0
50
0
0
0
5472
0
0
0
0
0
0
0
0
0
0
208
0
0
0
0
0
0
4694
0
0
0
0
0
6374
0
724
0
93
0
0
0
0
0
0
0
0
7335
5143
0
0
0
0
0
0
0
0
0
12
373
5180
3861
0
0
0
0
0
0
0
0
0
0
4418
0
0
0
0
0
5978
0
0
2624
0
0
0
0
0
0
0
0
549
0
0
53
0
0
0
0
0
0
0
0
0
0
0
0
0
0
416
2178
0
0
0
5137
0
0
0
0
0
0
0
0
0
2939
0
2257
0
0
0
4688
0
0
0
1005
2267
0
7679
0
0
4755
0
922
0
0
0
0
0
0
0
0
0
0
0
0
0
0
0
7057
0
0
5171
1171
0
0
7127
0
0
0
0
0
370
0
0
0
4702
0
0
4961
0
0
5401
0
0
0
0
5207
2378
0
6586
0
0
0
0
0
0
0
0
0
0
2259
0
0
0
2643
0
0
0
0
0
0
0
1116
0
0
0
7458
0
0
0
0
3451
0
0
849
0
0
0
0
7053
0
0
3881
0
0
0
0
0
0
0
4726
0
0
0
0
2299
0
0
4005
0
0
0
0
0
1437
0
0
0
0
0
1552
0
0
0
0
0
0
0
0
0
0
5255
0
0
0
0
0
5450
0
0
0
0
0
0
0
0
0
0
0
3813
0
0
0
0
0
0
0
0
0
0
0
0
0
0
1134
5478
3105
0
0
0
0
4973
0
0
1263
0
0
3809
0
0
0
0
0
908
0
0
2446
0
2938
0
0
0
0
5484
0
0
0
2586
0
0
0
0
0
0
0
0
0
0
0
0
0
0
0
0
0
0
0
0
0
0
0
0
0
0
0
0
0
0
0
1600
1774
0
0
0
0
0
5473
0
0
4331
0
1853
4677
0
0
0
0
4050
438
3665
0
0
4381
4973
3411
0
0
0
0
0
0
0
1306
0
0
0
0
0
0
0
0
0
0
0
0
4179
0
0
0
0
0
0
0
4677
0
2154
4056
0
0
0
0
0
0
2819
0
0
0
4877
0
0
0
0
0
0
0
0
0
0
0
3495
0
0
0
0
3987
0
0
2927
3460
0
0
0
0
0
2369
0
0
0
2813
2424
0
0
1071
5128
3857
0
0
0
0
0
0
0
0
0
0
0
0
0
0
0
0
0
0
0
0
0
0
0
2964
0
0
0
0
0
0
0
0
0
0
0
0
0
0
0
1703
0
0
0
0
0
2212
0
0
1252
0
0
0
1650
0
0
0
0
0
0
0
0
0
0
0
0
0
3109
0
1650
0
0
0
2948
0
0
0
0
0
0
2946
0
0
619
0
3277
0
0
0
0
4298
0
3812
0
2880
0
0
0
0
2898
0
3306
0
0
2547
0
0
3867
0
0
0
0
3034
0
0
0
0
0
0
0
0
4467
0
0
1921
1036
4595
0
0
252
0
4804
0
0
0
0
0
0
3061
0
0
0
0
2208
0
0
0
0
0
5293
0
0
0
2372
0
0
3100
0
0
4648
0
0
0
0
1431
0
3672
0
0
0
0
0
4393
1089
0
0
0
0
0
0
0
0
0
0
0
0
0
0
0
0
3277
0
0
0
0
0
0
0
0
0
0
0
0
0
0
2467
0
0
0
0
0
0
0
5117
0
0
2284
0
0
0
0
0
0
0
2320
0
1809
2363
0
0
0
0
0
0
0
0
0
716
0
0
0
0
0
0
0
0
0
0
1167
0
0
0
0
0
0
2943
0
0
0
0
0
0
0
0
0
0
0
0
0
0
0
0
1003
0
0
0
0
0
0
0
0
0
0
0
0
0
0
0
0
0
0
0
0
0
0
0
0
0
0
0
0
2197
0
0
0
0
0
0
0
0
0
0
0
0
0
0
0
0
0
0
0
0
0
0
0
0
0
0
0
0
0
0
0
0
0
0
0
0
0
0
0
0
0
0
0
0
0
0
0
0
0
0
0
0
0
0
0
0
2100
0
0
0
0
533
0
0
0
0
0
0
0
0
0
0
0
356
0
0
0
551
0
0
0
0
0
0
0
0
0
0
1182
0
2472
0
0
0
0
0
0
0
0
0
0
0
0
0
0
0
0
0
0
0
0
0
0
0
0
0
0
0
1836
0
0
191
0
0
0
0
0
0
0
0
0
0
0
0
0
0
0
0
0
0
0
0
0
0
0
0
0
0
0
1540
0
0
0
0
0
0
0
0
2553
0
1899
1041
0
0
0
0
0
0
0
0
0
0
0
0
0
0
0
0
0
0
0
0
0
0
0
0
0
0
1079
1796
1298
0
0
0
0
0
0
0
0
0
0
0
0
2987
0
0
0
0
0
65
0
0
0
0
0
0
0
0
1252
0
1630
0
0
0
0
0
0
0
0
0
0
0
0
0
0
0
0
0
378
0
1880
0
0
0
0
0
0
0
0
0
0
0
0
2918
0
0
0
0
0
0
0
0
0
0
0
0
0
0
0
27
2673
0
0
0
0
0
0
0
0
0
0
0
0
0
0
1294
0
0
0
0
0
0
0
0
0
0
0
0
1176
0
0
0
0
0
0
0
0
0
0
0
0
0
0
0
0
0
0
0
0
2836
0
0
0
0
0
0
0
0
640
0
0
12070
3095
2297
12107
2170
8251
4657
0
0
0
0
10715
4107
0
8716
0
0
6358
11318
7504
12214
0
0
0
5712
8510
9772
5833
8915
0
3656
7920
8405
354
12432
7862
10528
0
0
0
11048
3476
3282
11755
7190
4957
1439
3655
0
0
6490
12319
0
11787
11251
4454
0
6446
3573
5742
10178
1467
8646
9678
8594
8643
1316
0
7973
7163
0
10785
0
2665
8337
4970
0
0
9235
2291
0
0
9067
8814
5938
5257
9372
6597
8730
0
6703
0
7209
0
0
0
6693
10696
6382
7853
0
11436
822
8882
7721
0
4968
11714
1479
11948
0
0
0
6382
0
419
0
0
0
9450
11118
12009
10486
0
0
5408
10133
6513
1366
0
0
5261
5740
9373
6792
3192
7925
10868
10598
0
7421
8462
5901
8441
10216
0
4801
8706
0
5165
0
0
6547
11876
0
7125
0
5368
0
0
0
8749
9240
10000
12093
11177
0
0
0
12283
5175
11581
0
9272
10140
11527
4588
0
3519
12387
10609
8612
5166
0
0
0
4027
10588
6028
0
11251
0
1201
6472
7485
11196
5277
7345
0
0
6591
0
7650
5862
0
10325
1345
327
0
0
10869
3774
747
8055
2569
6594
7931
5214
0
0
0
5762
9799
10167
11711
10168
0
0
5382
0
0
0
4606
0
4992
11646
10610
5565
2310
7501
4659
4991
0
0
5145
0
0
3427
6429
11201
0
0
3086
0
8811
0
2531
9096
8734
0
0
5927
0
12343
1601
0
1893
8871
4783
4195
0
8205
0
0
0
0
9129
9151
3502
8744
5267
0
11196
0
0
0
9417
0
6601
2049
0
8975
3399
0
8931
10123
0
0
0
0
0
10079
11021
6026
10025
0
0
0
0
0
9428
0
0
0
0
0
1699
11151
0
9638
8701
8819
0
10997
11874
6780
0
0
0
0
0
5197
3215
11554
8650
10606
0
4851
11130
0
2386
5701
3992
0
7321
0
12311
8932
0
12218
6625
9510
0
5439
11094
0
0
8500
0
9815
3064
0
0
11496
0
0
0
12378
9110
10169
7915
0
0
3843
7547
0
8634
0
12426
0
0
0
9885
10799
3790
0
0
9387
0
0
4902
7091
10080
11256
2667
10439
0
0
9566
0
6251
6836
9163
0
8742
11337
0
3078
6479
6230
659
0
11543
6557
3901
1871
0
0
11955
9043
11245
2732
0
3664
0
0
0
5190
9579
9349
0
2237
10546
8853
2711
0
0
4715
1349
0
12170
6443
1974
6465
9991
0
5839
4055
9752
0
10861
0
8394
0
1734
3768
0
0
9834
0
8509
0
9728
0
13624
7802
4143
0
13971
0
8382
10111
0
2949
13983
815
4168
15227
0
0
0
0
0
10553
0
5265
14008
0
2599
10045
5304
0
15133
15303
0
0
8505
0
0
11682
10174
15413
0
10598
9525
1730
0
15150
9978
5466
0
11931
5627
2500
0
0
6333
14850
0
721
0
0
0
0
99
146
0
0
14254
0
0
0
319
12180
11666
0
3800
10535
14858
14201
11032
6199
5546
0
1303
0
3306
0
5798
14542
0
1838
398
1953
0
0
0
8005
9545
0
0
0
9955
6490
7570
0
10146
11243
13748
285
7809
0
0
0
0
12056
6576
0
0
0
0
12499
4939
1356
5499
0
0
0
1350
15058
9573
8506
9085
541
8687
2965
15065
12960
0
15064
0
269
0
0
0
0
564
15287
0
0
0
0
15127
13827
15532
0
0
0
0
143
0
6176
7291
14577
0
3844
774
6896
6860
6683
0
0
317
0
9527
0
6723
0
0
0
0
8518
2109
0
0
8260
11036
0
9840
15190
9741
14976
10279
8217
0
10018
0
12473
0
0
0
15387
0
0
2808
13943
0
0
0
950
7990
0
0
0
7867
0
8177
0
8933
7609
15496
14001
5464
902
1514
0
6324
8182
9036
0
0
1957
8107
0
0
2091
7182
0
14208
2800
0
801
8855
6722
3469
0
0
15524
0
6038
0
6761
0
0
2356
8578
8516
1961
9320
7061
0
0
9309
0
0
0
14317
0
0
11429
0
0
0
8442
14062
15364
1163
14333
11388
15295
11062
0
9117
12450
0
0
0
0
4926
0
13365
0
0
0
0
0
0
0
14030
5222
0
0
0
6205
13889
0
0
0
13878
14585
13135
11425
0
0
6428
0
4005
3541
0
0
0
2242
0
0
0
4038
0
13192
0
8034
2493
11415
3262
1751
10957
8794
729
0
0
0
0
10489
0
0
4240
0
0
0
14694
3198
14746
5464
9008
0
0
0
0
10911
13365
14185
346
0
13515
0
0
0
6091
0
14708
0
0
0
0
0
7617
4491
8089
6873
0
6159
0
0
10733
11802
14135
0
0
0
12182
14006
2423
5377
0
0
0
0
10847
10318
0
9673
0
0
14867
0
0
13443
2288
12542
14680
0
0
0
4907
3784
11861
0
3582
0
0
13572
3307
8565
0
0
7849
14507
5211
0
0
8263
4685
0
15524
0
482
5941
0
10972
0
4260
652
1356
15103
11574
13375
0
13310
0
1165
0
0
0
0
15427
15526
0
0
0
0
14194
13865
13385
0
8669
13961
11736
1252
0
6203
0
5155
3878
0
15539
0
14058
6697
0
0
0
0
8519
2274
50
77
15496
0
0
0
11735
0
8326
0
8892
0
12746
5362
14212
11220
0
0
2496
13239
3883
0
13470
11207
0
14886
15544
563
2059
2335
0
0
0
4458
15277
0
13740
11881
0
1421
0
0
3592
0
5080
5941
7165
0
0
0
9499
0
0
0
0
0
0
0
0
15438
5257
5428
0
10239
0
12336
14104
0
5554
13174
0
0
12426
3121
0
11084
14312
0
14107
0
0
9093
0
0
12897
0
0
11668
12905
13886
11373
0
6948
15465
7541
6749
14251
7206
4146
2948
8031
0
0
11483
0
10553
0
0
14586
0
0
1286
0
0
8361
0
12001
12238
0
0
0
210
12959
0
7045
8730
5769
10660
0
0
3171
8762
860
0
0
6888
0
11258
0
0
0
14196
0
11390
1844
15061
2989
10778
0
0
0
5696
0
0
8598
0
6484
0
15095
0
11675
0
0
0
0
11894
0
409
2583
14590
0
10913
3713
0
0
5195
14118
0
0
0
15092
0
0
0
13254
10492
7609
8276
7224
0
4007
10256
0
13946
0
0
12516
11481
2110
0
6666
10445
885
0
0
4729
0
6069
0
3091
1334
15492
15318
0
14423
0
0
14242
12146
1060
12250
0
15383
0
2773
0
0
0
0
0
5567
0
0
2029
3679
242
0
0
0
9734
613
7126
0
6464
0
0
0
2960
0
3935
13935
0
0
1983
4461
0
8978
9569
0
14977
0
0
8747
0
9733
5864
0
0
8456
0
11402
14100
1538
1973
0
0
11415
5862
0
0
5523
3508
0
0
0
0
0
0
0
0
0
0
0
0
0
0
0
5190
0
0
0
0
0
0
0
5162
4627
0
0
0
0
9355
635
0
0
0
0
0
11234
0
10623
0
0
0
0
0
0
0
0
2175
0
0
0
890
0
0
3580
0
0
6694
11374
7246
0
0
3736
0
1849
0
0
7704
0
4785
689
1686
0
0
1113
4925
0
0
0
8765
0
0
3890
9778
0
5018
5997
11009
0
0
1879
8706
0
0
0
0
10598
0
0
0
4814
0
0
0
0
0
6022
0
0
0
0
0
0
0
8038
11319
0
10042
1897
0
3249
0
0
0
0
0
0
0
0
0
0
0
0
10835
6532
0
0
0
0
0
1211
9857
11244
0
0
12002
4136
0
0
0
0
0
0
0
0
0
0
3760
0
7894
5490
0
8063
0
0
0
0
0
0
0
0
0
563
0
0
0
0
5921
6241
4940
6074
0
743
0
0
0
2100
5524
0
0
0
0
0
0
0
0
0
4902
0
0
0
0
0
0
0
0
1246
4694
0
0
0
0
0
4874
0
0
0
0
1713
291
0
0
0
0
0
0
0
0
0
0
3918
0
0
0
0
0
0
0
0
0
0
0
0
3936
0
0
0
0
0
0
0
0
0
0
4673
0
0
0
0
0
0
0
0
0
0
2854
319
0
0
0
0
0
0
0
3938
0
0
0
0
0
0
0
3381
0
0
0
0
0
0
0
0
0
5125
0
0
0
0
0
4408
0
0
834
3772
0
0
0
0
0
0
0
0
0
0
1368
0
0
5219
0
0
0
355
0
0
940
0
3256
6066
164
5598
0
0
0
0
0
0
0
0
0
0
4222
0
0
0
0
0
0
0
0
0
0
0
0
0
0
0
0
5171
0
0
0
4619
1784
0
0
0
0
0
0
0
3521
0
0
0
1250
0
4521
2559
0
0
0
0
0
0
253
0
0
0
0
0
0
0
0
0
0
0
4851
0
0
5144
0
0
0
0
456
0
1045
0
0
0
0
1220
0
0
0
0
0
1591
0
0
0
1117
0
0
0
0
0
0
0
0
0
2431
0
0
5299
0
5115
0
0
3041
0
0
0
0
0
0
5
0
0
0
2688
0
3099
0
0
0
3024
0
0
0
0
0
0
0
0
0
0
4358
0
0
0
0
0
3631
0
2126
0
0
0
0
0
4671
2332
0
0
0
0
0
0
3802
0
3433
0
5951
0
0
0
0
0
0
0
0
2918
0
1856
0
2792
5008
0
288
0
245
0
0
0
0
0
0
0
0
0
0
6115
0
0
0
0
958
0
792
0
0
0
0
1796
0
0
0
0
0
0
0
0
0
2823
0
2832
0
0
0
0
2289
2939
3994
0
0
507
1867
0
0
5279
3977
0
0
0
619
0
4595
0
1856
5035
1238
0
0
0
0
0
0
0
0
0
0
0
0
0
0
0
0
0
0
0
0
5920
0
0
0
971
3405
0
0
0
0
3869
0
0
0
0
0
0
3912
0
0
0
1348
0
0
0
0
0
4922
0
0
0
5587
0
0
0
0
0
5434
0
4034
0
0
0
0
0
0
0
4181
0
0
0
2036
0
0
0
0
2425
0
0
0
0
0
0
0
0
0
5196
0
0
0
0
0
0
4777
0
0
0
0
0
0
0
0
463
0
0
1502
0
5370
2651
4618
0
0
0
0
6056
0
0
3786
0
0
0
0
0
0
0
0
0
1737
0
0
0
5222
0
0
2575
0
3977
2318
0
0
4455
0
0
0
0
0
5079
3190
0
0
0
0
0
0
0
4147
0
0
305
0
0
0
0
0
4911
0
0
4227
0
0
210
0
0
0
0
0
0
0
4594
5652
0
0
0
1514
0
6014
0
0
0
0
0
0
0
0
0
0
0
0
0
0
6072
0
0
0
0
5949
1941
3706
0
0
0
0
0
0
0
0
0
0
0
0
0
0
0
0
894
0
740
0
0
0
171
0
0
0
0
0
0
0
5420
0
0
0
0
0
0
0
0
0
0
0
0
0
0
0
0
0
0
1135
0
0
0
614
0
4722
0
0
0
2715
4050
0
5079
5251
0
0
0
0
0
0
0
0
0
0
0
0
0
0
0
0
0
0
0
0
0
0
0
0
0
0
0
4873
0
3276
0
0
0
4393
0
0
0
0
0
0
0
0
0
2379
0
2096
0
0
0
2780
0
0
0
0
0
4870
57
1323
0
0
1743
0
0
0
0
0
0
0
5600
0
0
0
0
2444
0
0
0
0
554
4439
0
0
1474
1747
0
0
0
70
1326
0
512
0
0
0
0
1780
1649
1324
1137
276
813
939
0
623
213
808
0
1615
0
238
0
0
0
554
0
57
1717
1030
1073
0
0
879
886
596
201
0
1510
1794
0
730
367
1784
1827
630
1577
1338
0
0
0
0
1651
1179
1308
0
1684
746
1786
846
1709
0
28
968
807
1828
1273
1346
258
1233
0
1596
894
0
120
0
1007
977
1347
0
892
1228
152
1061
67
0
578
1719
0
682
738
244
1757
487
0
1316
131
347
0
1031
1016
0
341
1476
918
1761
180
0
0
824
0
1076
170
0
0
0
0
1695
524
0
1251
169
462
1754
0
575
704
216
0
0
1205
850
0
888
498
1258
362
1386
0
1499
0
113
1241
0
0
0
0
1689
0
638
1615
511
1197
0
1100
0
307
1587
0
1518
0
1291
776
304
0
68
0
0
0
0
0
652
0
1654
0
1593
562
1482
713
0
1365
0
1054
1143
1109
1010
1722
384
0
0
1027
1790
640
0
519
898
1010
0
110
0
367
276
1294
0
952
722
110
63
1026
222
638
1249
0
693
1454
1216
1579
486
1272
0
0
1525
0
1152
0
0
0
0
11
0
871
1803
669
1429
352
0
401
1198
1629
0
951
0
0
1165
750
1531
765
327
1627
341
525
953
528
265
0
1106
0
760
1412
1403
0
211
372
0
1694
403
1465
1340
708
1203
0
0
794
1484
1037
1001
810
1478
0
935
1417
0
0
45
0
1518
0
693
1804
679
1714
535
1388
0
1480
1518
115
703
0
958
540
738
302
853
1019
539
1790
272
1098
0
798
838
0
1692
996
590
402
1452
0
1226
1613
1405
1167
170
0
668
0
1232
0
1465
600
1700
245
951
21
1434
788
1582
1007
1812
0
1671
1640
0
1099
0
1809
0
912
1274
344
1686
0
1702
786
0
1401
744
157
0
863
1155
988
599
1756
536
741
0
0
399
21
0
424
656
588
173
656
213
1143
1535
97
761
1218
0
152
1373
925
0
140
374
0
1092
261
1312
1538
1524
0
1343
0
884
686
823
1357
412
0
1058
0
1829
1269
0
1170
29
1
0
1789
1647
788
696
0
324
1823
0
633
955
0
263
1523
0
1432
0
849
1366
681
1182
1477
0
1553
945
0
1726
1535
0
0
130
436
805
0
433
1213
991
314
1731
315
1087
0
484
1307
1117
0
0
1516
0
0
467
0
1326
0
0
926
370
0
23
0
1489
1440
0
320
541
1477
627
1109
0
0
0
224
852
1661
549
317
0
1443
1314
1610
0
0
758
0
0
1804
1484
0
0
0
150
48
181
57
0
775
0
0
288
0
0
0
816
625
0
635
0
1207
0
1344
488
779
0
491
0
1049
1024
441
1682
128
0
0
0
1388
930
163
416
535
0
1253
1052
0
1348
396
943
187
1426
0
1686
1721
0
1615
1284
760
1451
57
814
521
1558
1142
1099
0
208
1652
489
874
608
25
145
617
625
182
1036
292
0
80
1433
1237
1295
862
933
745
521
1418
1813
1356
789
1452
1726
1790
489
280
614
1005
0
0
30
1246
467
1516
1612
1091
0
0
0
0
528
0
0
0
1487
595
1159
0
1347
813
1462
23
929
666
1315
0
1487
0
0
946
509
0
0
1399
0
186
672
1282
0
1328
881
597
1685
1391
1019
154
962
0
0
1003
1265
231
1412
1465
0
1148
144
729
1454
389
0
0
461
792
804
1003
1626
680
624
0
41
712
0
279
1294
0
2
1278
0
0
776
976
0
1109
0
1195
0
0
0
510
0
0
1097
325
0
1346
144
0
0
0
1367
1426
0
1002
0
689
0
0
1072
131
812
1733
1129
0
280
0
606
264
0
0
988
1367
1779
1067
1303
0
0
815
771
0
0
938
345
1154
0
0
1456
1702
1803
1645
0
0
1661
1832
394
1294
1054
0
0
123
1255
1805
795
26
1310
0
1491
1640
1640
1406
0
0
0
1678
1371
0
1227
180
1827
1639
868
0
1792
860
0
0
834
0
562
615
0
974
1228
0
1564
0
915
0
1080
1153
913
112
0
0
0
300
0
1015
0
647
1056
506
0
618
949
441
0
0
0
0
0
1016
0
961
0
0
0
0
1876
0
1128
1240
1747
467
919
587
357
1389
0
115
1648
18
1850
853
0
850
1259
49
0
0
757
621
1193
727
0
0
0
0
1173
1289
282
828
637
395
446
1683
0
176
0
239
1428
1892
0
221
506
1779
0
251
1637
1109
0
0
0
1562
802
1788
1432
0
1272
1631
0
1768
181
1758
208
0
1826
0
1468
0
1379
0
799
1150
0
1733
1741
1204
626
1424
823
0
389
1409
172
0
657
699
1216
946
404
1761
239
1721
0
0
1363
1479
613
0
1403
0
210
753
729
0
0
0
0
630
1100
1371
1574
0
1851
0
1560
0
1703
490
1010
460
1785
114
1844
1660
762
15
852
778
838
568
1516
0
184
1564
1288
0
1901
1887
668
0
0
883
1644
173
1152
298
991
0
974
0
90
1710
1734
1497
0
0
880
0
0
0
1772
1413
0
0
1408
367
1058
741
821
0
0
0
762
1453
90
0
0
1784
0
1236
751
0
0
0
1768
564
0
1485
0
0
0
1166
1257
26
0
1524
1139
1899
0
1818
610
0
1355
1085
1697
0
0
1706
406
0
0
856
1264
574
0
1788
0
0
715
993
0
763
0
0
715
1279
1413
0
1702
851
0
0
0
0
656
860
0
1026
961
915
252
0
1685
695
0
0
746
0
156
0
108
1273
0
940
924
0
0
0
794
177
0
1752
959
0
0
1554
212
1796
475
1605
1716
46
0
901
0
0
0
0
1419
0
855
1401
0
0
1280
680
0
777
840
711
0
1363
0
0
446
0
1374
0
662
0
0
0
0
0
804
1095
0
175
0
105
0
283
605
1310
0
0
0
125
180
0
0
0
640
1645
503
798
288
1697
1890
598
337
1176
0
0
10
1079
1707
181
0
1805
732
506
33
466
0
977
1385
0
965
0
672
77
1574
0
0
193
485
295
0
0
1388
152
1188
451
0
377
1803
20
0
381
0
0
517
0
0
1031
0
1884
553
1127
0
0
36
690
0
1652
0
0
0
1575
0
0
1813
1380
1357
1344
545
120
1365
0
904
444
1349
0
594
0
1019
1726
250
0
1198
0
414
1612
1727
0
932
25
1608
1351
204
1219
87
46
0
1308
1047
896
0
449
994
0
1632
0
0
467
1731
1818
0
0
0
1260
1106
947
382
0
0
435
543
195
0
1594
0
1796
0
0
384
209
1663
674
1109
475
767
710
0
0
1262
1590
1395
0
0
106
0
427
0
532
0
359
1417
1655
1539
0
0
1673
71
0
321
0
109
1464
1563
1580
0
0
669
1691
1368
1237
840
793
0
1455
0
10
1380
0
1235
64
0
0
373
0
0
1576
0
0
1333
952
0
365
0
0
0
715
41
1306
1552
323
0
0
1492
551
0
346
1025
1564
1418
0
155
1794
1808
0
1014
0
600
1676
1409
481
229
1347
0
79
22
436
509
470
0
322
0
1162
1412
0
0
0
0
1341
116
0
0
1890
613
0
0
512
0
0
185
1246
61
1088
845
1144
1363
1285
0
1567
153
0
1305
0
1074
1191
419
1455
0
1180
0
0
215
0
952
834
0
0
594
1634
742
878
1361
934
562
0
0
0
892
1866
113
0
1103
1427
0
0
144
1298
0
0
0
1552
0
1393
836
1178
1171
0
1423
1541
1391
172
0
700
1887
332
286
891
380
1601
1782
748
1350
0
1547
1722
0
0
475
0
0
256
974
813
857
0
1497
0
1340
146
1507
0
0
0
0
0
500
0
1118
0
574
0
1834
780
1617
203
1102
717
0
1459
426
0
546
1199
0
0
0
1377
1264
123
1467
740
624
88
0
1862
0
0
0
1226
1844
1615
0
612
1390
0
136
0
1386
132
1071
0
285
1673
0
147
0
1864
0
0
0
969
637
1017
0
1902
0
0
0
0
0
0
648
840
0
0
690
1342
867
1438
1551
504
1672
0
0
0
386
1348
0
0
1311
0
0
1134
682
1026
395
154
1102
0
1074
0
748
1076
814
369
516
1529
798
1318
273
0
0
501
59
1596
457
1303
1534
1040
0
1462
387
0
1754
0
288
0
1385
395
0
0
602
0
0
990
0
0
995
1900
0
0
766
0
1823
0
405
1658
0
1241
1141
424
0
873
1657
771
1315
0
706
293
1746
1303
0
1800
1820
0
223
0
0
1590
998
1260
0
0
0
1256
0
0
1627
1306
0
1369
0
0
374
0
557
1308
0
1824
93
728
1042
0
1160
834
0
1913
442
302
0
0
426
1693
341
0
1716
570
0
1171
999
0
0
76
0
580
1347
1064
0
0
1136
946
0
0
449
0
1306
0
819
0
0
1356
1030
0
221
0
341
0
747
1672
1041
1221
0
610
0
0
0
1423
0
0
0
0
302
70
1575
0
1247
1251
0
1913
0
1234
1332
0
258
1368
1490
115
720
924
0
0
1481
0
519
0
288
0
0
5
169
1020
1233
82
601
0
0
0
0
542
842
1232
934
345
0
1476
212
0
1016
0
258
830
498
181
1570
1804
0
0
850
1615
306
0
0
0
0
1323
1681
532
836
209
0
977
1479
1040
169
0
1741
7359
0
8877
3627
2464
0
5929
6901
0
0
5196
1021
0
6215
5220
6573
0
4477
0
0
0
9136
0
0
5657
0
9024
6396
8782
5087
0
7901
4955
0
7979
0
0
5699
5664
0
0
8786
1390
0
3895
3080
0
2892
7893
0
6946
8642
0
5721
4947
4139
0
8424
0
6640
6094
0
0
1087
0
0
0
0
8694
0
0
6560
8408
3242
5294
8986
7752
3130
8766
6512
0
204
4264
0
4131
8280
0
2085
0
0
967
4892
7451
0
5186
0
982
259
0
6376
6490
1640
4189
0
5674
0
0
0
6267
4425
0
0
3847
1671
5626
8627
6173
4828
4483
0
7764
2409
7252
0
1695
7390
0
0
0
2315
2502
164
0
0
0
4673
2680
0
0
6856
7958
0
0
5177
0
2611
0
7382
0
0
5249
0
0
7514
0
0
0
0
7793
4354
0
0
0
0
7226
0
6696
0
7378
944
0
5510
0
6135
4817
2240
0
0
5686
0
4248
0
7176
380
0
0
8986
2143
1720
5132
2517
2717
0
2045
0
0
1327
0
2607
8612
0
0
0
4548
0
0
0
0
0
0
2993
4454
0
8319
2690
0
0
7442
3727
6874
0
9056
1796
0
0
0
0
0
2010
185
8245
7098
0
2863
5271
0
0
5329
0
0
0
1155
6090
0
1828
4607
4613
0
6324
3339
4739
0
3123
5697
0
1515
3341
526
0
0
9154
2096
2384
4744
0
8768
9121
6440
0
2817
0
7468
0
1103
7725
8293
0
7172
0
4942
7745
3723
4992
7169
5582
8229
374
0
5407
0
7865
0
5815
0
0
655
5514
4558
4455
450
8550
0
0
2236
0
725
769
0
0
2520
256
4112
7242
0
4205
1968
4591
0
5229
0
1929
0
0
0
0
6538
7278
0
4414
0
0
0
0
8465
0
1515
3631
0
151
150
0
3300
0
0
7510
1395
0
0
3216
0
1597
8116
5593
9082
1187
0
0
4896
2784
0
7298
1138
0
0
0
0
0
0
8720
3711
2039
4622
8048
3846
0
0
8540
0
8647
0
8066
6180
6728
0
0
0
0
5925
1050
0
2272
983
7731
537
4353
4586
735
7986
0
0
0
0
6749
0
0
3801
0
0
5025
0
8613
6758
5182
2482
4719
310
0
477
5361
6047
0
0
8529
0
6020
0
0
3399
0
1902
772
0
0
7985
2833
0
0
0
0
1289
0
7083
5954
0
60
141
7314
0
0
0
432
0
0
1705
8295
0
3721
6131
8907
6711
2693
6807
0
0
1678
7592
1692
1991
3122
0
2464
0
0
0
1624
0
771
0
4705
3438
0
0
4000
0
0
4115
0
188
6649
0
0
530
5842
0
6315
0
1125
6732
3956
6309
1269
6725
6791
0
0
0
0
0
4060
0
8349
0
7399
8766
6031
6608
0
0
0
3018
1225
1853
4945
0
0
4471
0
5552
0
0
0
7859
0
0
0
145
7905
0
0
0
0
0
0
4508
7352
5403
1986
0
6302
8996
9164
0
5347
0
7050
533
8865
4394
6400
0
2734
0
3436
0
0
0
0
4837
0
8299
8795
0
0
0
0
3490
0
0
7239
0
6232
0
0
4637
0
0
7471
231
0
0
9095
6893
2743
1498
8186
0
9071
2733
9123
0
0
3476
4033
5085
0
0
250
6913
0
0
7541
4818
0
0
8007
0
8978
0
5967
0
0
0
0
0
93
0
0
0
0
5696
0
0
8465
0
0
0
0
0
0
0
7072
0
0
0
0
2979
0
4488
0
6355
0
0
0
7390
0
0
1176
7399
7129
5053
7963
8304
0
8839
0
4573
4087
0
0
1565
0
0
0
0
0
0
0
0
0
5626
0
1184
659
7626
1664
0
2991
7196
2967
1202
8855
169
891
509
0
1100
441
436
816
0
0
500
964
1031
731
12
16
0
0
0
0
875
94
0
960
0
0
0
278
0
66
0
941
0
516
241
1064
0
0
770
149
1100
843
4
0
0
1139
411
330
0
625
1121
100
0
418
147
0
1091
0
426
0
395
0
0
393
0
664
611
750
1101
772
367
492
1088
402
0
1040
595
373
132
196
319
667
0
1159
900
781
244
0
0
410
0
0
711
788
979
638
0
0
130
0
538
0
853
0
0
467
979
349
0
0
0
325
1022
464
0
0
744
888
474
0
189
339
1129
0
708
679
213
548
139
239
423
1156
1149
1119
295
262
976
813
0
662
941
318
954
0
742
0
519
0
72
0
1082
333
0
580
881
618
1026
760
950
42
620
0
445
999
0
969
902
259
397
386
0
736
580
1075
0
0
392
0
0
903
0
718
0
562
0
413
0
209
0
1142
936
980
0
870
997
252
797
304
603
309
0
748
1108
1121
0
0
175
671
682
0
0
928
384
0
0
651
0
390
0
329
0
0
565
593
0
432
885
920
794
1084
251
0
256
303
452
325
796
0
0
201
911
816
76
213
652
315
0
1050
360
0
89
326
679
555
0
0
896
0
1086
0
367
615
39
1050
575
810
897
0
42
813
0
0
0
238
420
148
1132
643
981
503
564
221
1085
552
683
0
817
0
0
0
835
9
840
0
0
1024
1026
926
522
632
1065
0
167
845
242
0
209
936
1156
0
613
983
0
0
567
894
0
860
49
0
1016
0
87
1117
37
674
294
0
895
0
928
0
234
0
0
174
0
697
430
410
40
117
0
1103
0
967
166
0
1151
1118
443
0
1111
0
27
296
0
860
894
0
64
497
373
396
222
712
272
347
935
564
0
4
988
0
347
0
294
468
129
285
381
566
1027
1006
368
666
622
0
0
0
242
171
343
192
443
227
39
0
0
1143
0
0
473
996
37
0
511
885
158
530
181
0
939
192
67
434
83
0
379
0
469
0
0
21
354
0
0
0
0
0
0
635
732
445
872
0
0
906
502
494
200
561
0
0
716
483
0
273
307
518
576
835
778
0
0
271
355
0
0
785
733
569
109
993
0
613
0
0
0
1135
0
211
454
0
0
0
0
125
411
0
314
70
688
374
596
442
48
0
0
239
0
700
0
798
323
0
0
0
0
600
214
0
0
0
707
243
0
286
658
220
182
1102
13
0
119
231
257
0
0
464
1036
131
733
142
262
0
884
842
280
435
401
778
0
0
0
839
0
466
902
434
984
217
0
0
368
0
0
1002
875
1097
154
0
912
663
235
0
314
0
0
0
853
0
23
136
0
274
551
311
429
1072
1092
185
1019
0
40
574
534
0
0
867
843
991
434
367
419
0
0
0
0
1053
701
20
726
0
0
1000
0
386
957
0
0
693
828
0
0
784
0
0
733
35
1076
1080
594
620
0
708
0
571
473
211
560
0
848
0
712
660
0
277
891
610
176
0
789
841
0
133
357
0
16
899
0
799
1135
0
0
431
0
0
574
0
160
108
66
0
0
0
0
0
0
820
925
0
1131
0
0
436
988
921
615
165
445
906
175
0
0
0
1158
0
85
936
494
648
578
0
678
420
0
360
0
132
330
0
374
86
134
0
1052
707
0
1069
0
669
294
182
41
0
0
107
620
0
0
0
593
0
0
721
136
343
0
0
0
182
64
399
915
14
645
200
0
577
0
0
542
311
0
0
710
431
0
144
0
0
706
1090
0
501
76
1030
0
0
17
974
0
1135
1025
352
0
785
985
932
962
238
905
0
1042
586
0
1042
1138
0
629
462
428
812
0
