8027
696
0
0
10885
8489
5991
0
9672
4808
0
0
0
0
0
0
0
13918
0
0
0
0
0
0
243
1245
1422
0
3253
0
0
0
1439
7194
7826
0
0
10230
5338
12849
11860
0
0
0
0
9780
0
7074
9171
14189
14284
1564
0
0
0
9056
0
0
0
3717
0
0
11633
0
0
791
4175
8973
5332
0
0
5897
0
0
12628
5920
0
1156
0
5611
1481
283
0
0
0
0
7835
0
13966
6153
0
0
3065
0
0
4456
0
0
12642
0
11185
4231
0
0
0
13200
3913
0
10272
8451
599
0
0
8304
0
0
0
5513
0
0
163
3882
6294
5182
0
0
0
8877
0
0
3251
0
0
12634
11718
0
0
0
0
9280
0
0
0
13736
0
5748
115
0
6473
9033
0
0
10695
0
14118
289
0
0
0
9151
2064
3075
0
9122
0
0
5877
0
12363
0
0
0
5548
8875
4726
1195
6011
0
0
0
0
7945
9465
0
0
0
0
0
0
6175
4010
0
0
0
0
4340
0
0
0
462
0
2127
0
0
13083
4325
11830
0
0
0
14136
0
14229
0
2012
0
0
12050
0
10841
0
0
6727
0
0
2107
1323
0
0
1116
2325
9536
8684
1999
5149
65
0
0
5706
0
11184
0
0
1342
4415
683
0
0
0
5799
1582
1855
4173
7889
0
402
9960
11396
1669
5371
0
3408
13525
0
178
0
0
0
10003
9419
5916
0
0
0
0
2530
8396
0
0
0
0
0
0
0
0
5709
0
8615
12953
10144
5284
0
12459
0
0
7248
0
1503
12856
0
10219
2952
0
0
0
0
0
11672
0
3245
0
0
0
0
7523
0
0
4076
0
1393
0
0
4722
0
1943
9813
0
6015
0
0
7261
0
0
12843
2198
0
0
0
5882
12712
1580
0
0
0
2472
0
9283
9848
1085
5173
9509
0
0
4723
1749
0
0
0
1977
0
0
0
3186
7819
7966
0
1551
7681
11037
0
2176
0
0
0
9549
0
0
314
0
0
0
0
0
8004
0
0
7351
10861
7401
5899
1686
0
9597
0
9824
0
0
0
13797
0
0
0
0
0
0
10740
0
0
0
12054
0
0
0
0
11499
0
0
12530
8959
0
9120
4252
0
0
0
0
12813
0
0
714
0
3940
12501
0
1657
0
0
0
0
0
0
0
0
0
0
0
0
0
0
0
0
0
0
0
0
0
0
0
0
0
0
0
0
1884
0
0
0
2994
0
0
1051
0
0
0
0
0
0
389
0
401
0
0
0
0
2752
0
0
0
0
0
0
0
0
0
3349
0
0
0
0
0
0
0
1595
0
0
0
0
614
0
1012
0
0
0
0
0
1724
0
0
0
0
0
0
0
0
0
0
0
0
0
0
0
0
0
0
0
0
0
0
0
0
0
1935
0
0
3180
0
174
0
0
0
0
0
0
0
0
161
0
0
185
0
0
441
0
0
0
0
0
0
0
0
0
0
0
0
679
0
0
0
558
0
0
0
0
0
0
0
0
0
0
0
0
0
0
0
0
0
0
0
0
0
0
0
0
0
2758
0
2607
0
0
0
0
0
0
0
0
0
0
0
0
0
0
0
0
0
0
0
0
0
0
0
1701
0
3502
0
0
0
0
0
0
0
0
0
0
0
0
0
1519
0
0
0
0
0
0
0
0
0
0
0
0
0
0
0
0
0
0
0
0
0
0
0
0
0
0
116
0
0
380
0
2451
0
365
0
2064
0
0
0
0
0
0
0
0
0
0
0
0
0
0
0
0
0
0
0
0
0
0
3428
0
0
0
0
0
0
0
0
0
0
0
0
0
0
0
2642
0
0
0
0
0
0
0
0
0
0
0
0
0
0
0
0
0
0
0
0
0
0
0
0
0
0
0
0
0
0
0
0
0
0
0
0
0
0
587
725
0
0
0
0
0
0
0
5
2
17
13
31
0
0
0
4
22
4
0
0
14
24
0
0
0
27
35
0
26
30
15
20
1
0
32
0
26
15
17
18
0
23
19
1
0
8
0
28
0
7
15
29
3
19
0
0
19
32
24
15
0
34
36
26
4
0
0
33
0
0
17
4
24
1
0
1
34
0
37
0
32
14
6
0
24
34
9
5
5
6
23
0
37
0
28
28
20
34
22
29
17
12
0
10
30
0
14
0
6
27
0
0
32
0
1
19
22
0
6
0
10
0
9
0
8
13
0
0
0
28
0
7
14
0
23
0
20
10
27
35
7
0
29
26
13
0
0
23
19
22
30
29
0
24
0
34
0
0
0
0
32
28
9
27
1
0
35
25
0
24
2
29
10
35
0
11
29
20
35
0
6
4
0
0
34
22
2
24
27
37
9
7
27
0
0
11
6
3
0
22
35
0
20
25
24
0
11
0
6
6
0
21
27
24
11
13
33
13
11
0
33
10
0
2
20
0
0
0
12
26
17
5
12
0
0
0
27
14
20
4
0
18
0
17
0
24
10
17
0
0
0
0
0
0
0
0
0
0
36
3
23
0
36
26
0
9
0
0
10
12
34
26
0
16
38
18
21
0
28
0
3
0
0
29
0
0
0
0
18
12
30
7
0
35
35
0
21
8
2
7
0
10
4
18
37
36
18
0
4
7
15
11
12
6
0
2
0
2
0
14
17
0
8
22
26
9
0
12
5
4
9
34
27
30
23
0
28
0
19
22
0
0
0
0
11
28
25
7
2
0
28
14
0
16
8
12
35
22
35
0
0
0
0
0
0
0
0
3
0
29
0
0
24
0
0
8
0
32
27
0
30
0
0
13
0
29
0
14
0
0
0
13
0
0
24
1
0
16
18
38
0
0
0
0
0
4
10
38
0
0
14
17
14
6
0
0
0
0
0
13
17
9
27
0
10
0
9
0
12
0
0
23
20
23
0
25
17
16
36
0
5
14
12
0
14
2
0
0
34
32
27
5
30
34
0
28
13
0
0
0
0
0
0
0
11
35
11
0
26
7
36
23
10
10
35
20
12
38
5
0
27
26
0
0
10
36
36
9
12
0
0
38
0
29
0
0
0
0
30
0
0
9
0
0
14
27
10
35
26
0
36
10
7
0
0
0
0
4
8
35
0
0
0
25
14
26
7
14
0
36
21
0
0
15
22
0
27
0
37
12
0
0
35
1
1
9
38
14
25
18
5
0
24
0
0
5
21
9
37
18
16
0
0
15
22
13
27
0
0
0
0
26
11
37
9
0
31
5
13
38
36
0
0
26
0
36
4
31
18
0
22
0
28
0
26
0
26
30
0
26
27
13
0
2
23
0
30
0
0
38
5
37
4
25
10
1
21
15
7
28
0
29
4
4
22
2
30
0
0
6
0
22
25
15
0
28
0
20
27
0
0
0
0
0
6
37
0
38
33
9
0
0
0
0
2993
0
0
0
978
2236
0
0
0
0
0
0
0
0
4889
0
0
0
0
0
0
0
0
597
0
0
0
0
3842
0
0
3885
0
1136
0
0
0
0
0
3316
0
0
0
0
0
0
3621
0
0
0
0
0
0
0
0
0
0
0
0
312
0
0
0
0
4952
0
0
0
0
0
1106
0
0
3508
0
0
0
0
0
0
0
0
0
0
0
0
0
0
0
0
0
0
4929
0
0
0
0
0
0
0
0
4103
0
1966
0
0
0
0
0
0
0
0
0
0
0
0
0
170
0
0
0
0
0
0
0
2346
0
0
0
0
0
0
0
0
0
0
0
3994
0
0
2333
0
0
0
0
0
3110
0
0
0
0
0
0
0
0
0
3643
579
0
0
0
2597
0
0
0
0
0
0
0
0
0
0
4364
0
0
2392
0
0
0
0
0
0
0
0
0
0
0
939
0
4227
0
0
0
0
0
0
0
3768
0
0
0
0
0
2606
2839
83
0
0
0
2031
0
1670
0
3765
0
0
0
1499
0
0
0
0
0
0
0
0
0
0
0
0
0
0
0
2276
0
0
0
0
0
0
1305
0
0
0
1097
0
0
0
0
0
0
0
0
0
0
3978
0
0
691
0
0
0
0
0
0
0
0
0
0
0
0
0
0
0
0
0
0
4789
2449
0
0
0
0
0
0
0
0
0
0
0
0
0
0
3437
0
0
0
2526
0
0
1395
0
0
0
0
0
0
0
0
535
0
0
0
0
0
0
0
0
0
0
0
0
0
0
0
0
0
0
0
0
0
491
0
0
2688
0
0
0
0
3728
0
0
0
0
1439
0
0
0
0
2455
0
0
0
4064
0
0
0
0
0
0
0
0
0
1864
0
0
0
0
0
0
2638
0
0
0
0
0
0
0
0
0
0
0
0
0
0
0
0
1185
0
3948
0
0
0
0
0
353
0
0
0
0
0
0
0
0
0
0
0
0
0
0
0
0
0
0
0
0
0
0
0
0
3619
0
0
0
0
0
3910
0
0
0
0
0
0
0
0
0
0
0
0
0
0
0
0
732
0
0
0
0
0
0
0
0
0
0
0
0
0
0
0
0
0
0
0
0
0
0
0
0
0
0
0
1522
0
0
0
0
0
0
4446
0
0
0
0
0
0
5135
0
3480
0
0
0
0
2887
0
0
0
0
0
0
0
0
0
0
5005
0
1688
0
1638
887
0
0
0
0
0
0
0
0
0
0
1450
0
0
0
0
0
0
0
0
0
0
0
0
0
5088
0
0
0
0
0
0
0
0
0
0
1681
1218
0
0
0
4018
0
0
0
0
0
1718
0
0
0
0
0
0
0
0
0
4229
1568
0
0
0
0
0
0
0
0
0
5124
0
0
0
0
3756
0
0
0
0
0
0
4398
0
2150
640
0
1547
0
0
1862
0
0
0
0
0
0
552
0
4626
0
0
0
0
0
4337
0
0
0
0
0
3473
23
0
0
799
0
0
2849
0
0
0
0
0
3253
0
0
0
0
4536
0
0
0
0
0
0
0
0
0
0
0
0
0
0
491
0
0
0
2458
0
0
0
0
0
0
0
0
3907
0
0
0
0
0
0
0
0
0
0
0
4885
0
0
0
1932
38
2410
0
0
0
0
0
0
0
0
0
0
0
0
0
0
0
0
0
0
0
0
0
0
0
0
4107
0
0
1543
0
0
0
0
0
0
0
0
0
4612
0
0
0
0
0
662
0
4842
0
0
0
0
0
2919
2034
0
0
0
3620
2465
0
0
0
0
0
0
0
0
2379
0
0
0
0
3912
0
3008
0
0
0
0
0
0
0
1800
0
0
0
0
0
0
0
0
0
0
0
0
0
0
0
0
0
0
0
2755
0
0
0
0
0
0
0
5100
0
0
0
0
0
0
0
0
0
0
0
0
0
0
3774
0
0
0
0
0
4330
0
0
0
0
0
0
0
5120
519
0
0
0
3969
4491
0
0
0
0
0
0
0
0
0
1190
0
2148
0
0
0
0
0
0
0
0
470
0
0
3505
0
0
0
0
0
0
0
0
997
0
33
2293
0
0
0
0
0
4596
4052
0
0
0
0
679
0
0
0
0
0
0
1305
0
4134
0
0
0
0
0
0
0
0
0
0
1547
0
0
0
0
0
0
0
0
0
0
2098
0
0
0
3488
0
0
0
0
50
0
0
0
0
0
1199
4620
0
0
0
0
0
3568
0
0
0
0
1120
0
0
0
0
0
0
5068
5182
0
0
0
0
0
1667
0
0
0
2998
0
0
0
416
0
0
0
0
0
0
0
6704
11921
0
2274
0
9282
811
0
5766
7443
6369
7784
7037
0
0
0
8414
9352
9431
11463
4247
4636
0
1634
3309
4125
7315
0
0
0
635
0
5832
9107
6668
4069
809
6243
4979
0
8169
1570
11712
3753
0
0
3124
0
0
0
5449
0
5505
10782
10931
10944
11781
7999
0
0
6030
10737
0
0
11843
0
0
4580
6514
5427
6072
8157
6560
5588
10543
0
3911
1806
5569
7690
3966
0
11619
0
0
4350
0
0
0
5465
0
8571
5765
0
0
0
0
5851
0
11291
0
6314
9968
0
446
2552
10985
7739
6394
5527
8985
0
7959
8961
11266
5130
6562
0
0
8252
10878
12103
5518
9956
0
0
0
5495
2304
0
8765
0
0
11455
9141
5120
0
8654
0
1731
0
803
11607
11246
9129
10551
1212
4210
8877
0
0
0
0
8232
0
4300
0
4235
5158
0
6594
1449
0
913
0
0
0
0
0
7415
8333
0
6979
6149
11991
0
10522
8705
0
0
5075
7521
2148
0
9738
4308
1649
0
0
9483
0
6772
7079
11153
0
8010
0
0
6258
8045
8612
8902
5815
9014
6597
4954
0
0
9451
0
10399
8680
0
7518
3878
6324
11285
0
11892
3013
0
1869
9160
0
6121
0
0
11737
5544
0
0
6523
10917
0
11116
0
0
0
5805
0
0
5491
412
2833
8621
0
1328
0
12117
0
324
0
0
4100
0
150
6009
10761
2914
46
0
3751
0
0
2754
0
9295
6980
10900
2069
10981
0
3641
0
3283
0
1660
0
2666
0
0
0
5961
8646
11190
8418
5874
9962
4362
3497
5956
10473
9252
12126
6711
5984
803
369
10312
0
0
0
476
0
660
2015
0
11484
0
7154
12490
0
0
13750
10696
0
0
0
0
2474
0
4678
1997
12876
0
0
4185
13147
3384
5437
0
6362
480
12061
0
4518
2936
7837
11360
0
0
0
0
0
0
0
6091
0
13219
10688
14087
0
1927
4414
0
11800
0
0
3260
0
8777
165
10634
1117
0
2689
12568
531
6736
0
0
11078
10304
0
0
0
13327
951
7204
0
0
0
10477
10251
2783
13568
0
3629
14068
8246
0
5148
9083
8170
0
14116
6059
0
7085
14283
3714
0
0
0
6330
13033
0
199
6905
0
0
3563
13224
12308
0
11415
6342
0
0
0
3229
10381
12767
0
11062
11293
0
0
13993
7721
0
0
11128
0
12514
0
13436
12595
11307
0
6943
11452
6774
9990
1996
0
9683
2145
9892
0
5518
13973
1139
11936
12033
0
14306
4393
8719
11604
10990
2302
2793
0
6296
0
12468
0
4830
4542
369
12316
9451
0
0
6776
0
11152
0
0
3553
0
0
0
0
0
820
13419
11239
180
0
9564
5984
0
0
0
0
0
0
0
0
10994
12287
1968
3267
0
12799
0
2667
11519
13006
14174
3045
2967
0
0
9793
0
5590
0
0
0
7543
0
11527
13585
0
3657
0
12245
0
0
11043
0
14078
0
2833
14299
1243
0
0
0
0
0
11735
10216
0
13347
0
11791
0
12987
10323
0
0
0
6256
8416
8206
0
9996
11466
0
0
2262
7280
0
5307
13236
0
12286
4394
12595
3935
0
285
13795
7155
8392
0
7072
2529
0
6506
10269
12174
13131
530
9948
11836
0
0
12009
0
0
0
0
0
7917
13559
8364
2042
0
12361
0
11005
10719
8536
0
0
7838
10474
0
0
0
0
0
145
12197
3216
8471
0
4309
0
10233
0
11810
10927
3811
0
0
3519
7369
2142
8627
3816
0
0
0
0
0
0
0
7493
9168
6968
5913
13206
0
10972
7386
10591
0
0
14194
11236
4516
0
14245
0
13069
0
638
0
0
12483
0
0
389
0
4589
0
5340
11879
13985
3438
57
12622
13071
0
7444
12300
8187
0
0
0
309
13916
0
803
13253
9493
0
0
0
6370
0
0
1324
0
6189
0
517
2816
0
12923
15105
1105
0
11774
0
0
6215
5679
11422
0
14326
0
9565
0
0
0
0
0
0
2934
0
13728
0
0
13659
0
0
0
9946
14595
8881
9358
12769
0
14450
5064
0
12076
0
0
8993
8226
3938
12995
0
14322
3944
0
0
0
4695
4517
0
0
0
4589
0
0
0
0
0
0
13748
0
9873
3463
0
0
12471
12731
0
8009
8186
0
0
14342
15003
0
842
9289
10091
0
7802
2305
0
0
11675
0
2504
9722
12150
12599
0
2917
5663
0
5147
13521
8578
14372
13181
6734
0
4179
11794
0
8888
1527
0
0
3175
2926
1150
14804
0
0
8795
0
0
2754
12855
14421
0
0
0
13127
0
14065
0
13836
2905
0
14292
0
9487
0
0
8128
0
6820
0
0
0
0
15099
12607
11378
0
3987
14891
0
12988
0
0
0
6899
0
12640
1483
5434
3131
7744
3653
0
13850
12649
0
12936
0
705
0
6037
6489
5910
11509
13698
5900
13262
13685
14991
0
0
13207
12917
7206
9512
3351
3290
0
5980
13232
0
11937
13804
0
1174
8349
11252
11741
13764
0
0
0
0
0
13430
0
9344
2135
0
0
8419
13107
1718
2823
0
10297
0
0
10961
7081
0
9973
0
3019
0
0
7894
0
12705
12586
10187
0
0
5297
0
2787
0
13905
11819
8922
4872
0
0
7786
11338
0
8517
9247
0
13779
6240
0
955
0
0
2465
11780
1299
0
6950
0
0
0
0
4885
3060
0
10740
1987
0
0
7806
0
13193
12882
14791
0
0
9836
0
0
14662
11535
1190
0
0
6138
12812
0
6113
2478
3068
0
0
0
1908
0
0
0
0
0
11708
0
0
0
9184
10811
6577
13408
11478
12146
0
14057
11142
0
0
0
8062
4921
13042
13333
0
14165
12563
0
5771
0
3998
0
0
0
11705
0
13786
0
0
0
0
0
13968
0
0
0
5067
8963
14112
11759
1727
132
4805
0
0
0
10043
7982
0
0
13406
0
4165
0
0
152
0
0
0
3132
9016
2617
0
3600
0
0
14981
0
0
0
13776
0
0
0
0
0
10707
0
10774
12738
9637
0
0
0
0
6599
9408
4679
0
0
2098
13250
8811
0
0
0
0
4362
0
0
6305
0
0
0
14551
13304
2026
11983
12190
0
8006
5016
0
0
10730
3171
0
0
0
0
12674
0
14929
4645
13895
0
1587
0
2810
0
10222
0
13201
0
12190
3833
0
0
0
0
11652
9482
0
7480
0
14671
0
6873
11841
0
0
0
10022
0
0
0
0
13985
0
0
8125
0
0
6848
1663
0
12850
7315
839
0
910
6754
1391
3229
0
0
12943
5899
0
8282
0
0
9806
7874
3801
6572
0
9073
0
13807
6534
0
12629
0
9118
0
0
0
0
0
0
0
12111
10932
13931
1
0
0
0
0
0
0
13183
5002
0
0
0
3287
13027
0
9051
0
0
13818
14020
11188
9902
10575
1011
0
0
0
0
0
0
0
0
7216
0
0
0
8872
852
10197
0
6943
0
0
0
12031
8303
11943
9111
0
10141
0
232
0
5792
1403
5479
12441
7372
716
0
1069
2656
0
0
0
3516
8824
10555
0
0
9609
0
0
2766
0
0
44
0
11174
6147
0
0
0
11114
12061
11356
0
0
0
0
9824
5465
0
0
1173
10784
0
7525
5528
0
0
0
12355
4380
0
0
6332
8046
0
9215
3228
9160
1449
0
0
0
0
0
1985
0
14055
3356
0
0
0
12290
0
4096
604
7519
0
0
9644
0
6987
0
0
5327
0
0
0
0
0
11789
0
10066
1647
9255
0
0
0
7683
0
0
0
0
4802
3085
0
0
0
0
0
4575
6426
0
0
3997
0
0
0
6510
0
11151
12177
0
0
9609
0
0
0
9565
0
721
0
0
414
12225
0
0
0
0
0
7141
0
13620
0
0
0
0
13889
0
5631
0
0
9499
0
11962
3175
0
0
0
1127
0
0
0
13937
2738
534
5964
0
0
0
0
4629
0
0
8608
0
2021
0
0
0
4456
0
4491
0
0
0
0
0
0
0
0
0
0
0
0
7300
0
0
803
4475
0
0
0
0
0
8258
0
0
3025
0
0
0
0
0
4720
0
3701
3636
0
4509
528
0
0
0
0
0
0
0
0
0
0
3211
0
0
3428
0
2791
3821
0
7428
0
8655
0
0
0
0
0
0
0
7002
0
0
0
0
1511
0
0
0
8227
5321
0
0
1014
0
0
0
7628
0
0
0
0
0
0
0
0
0
0
7492
0
7489
0
0
8033
0
5776
0
0
0
0
7888
0
5140
0
0
6337
0
333
0
4957
0
0
0
0
0
4843
0
0
0
0
0
0
0
0
0
0
0
5348
0
0
0
0
0
4069
0
0
1571
0
0
5169
0
0
0
0
0
0
0
0
4608
0
3025
0
0
0
0
0
1154
0
0
0
0
683
6820
0
0
0
0
0
0
0
0
0
0
0
0
0
0
0
4305
4950
0
0
5541
7463
0
0
1416
0
0
0
5929
0
0
7142
3574
0
0
0
0
0
6933
7052
0
0
0
0
3284
0
0
0
0
0
8702
8187
0
8093
7289
683
0
0
0
0
0
6162
0
0
906
0
3975
2308
0
7584
0
0
0
0
0
0
2846
0
0
0
0
0
8023
0
0
0
0
0
0
0
0
0
0
6156
5668
0
0
0
0
1693
0
62
4013
0
3594
0
0
0
533
0
0
0
0
155
0
0
2780
0
0
0
0
0
0
0
2120
8084
0
0
0
1620
0
0
0
0
0
0
857
7741
2059
8163
2688
0
0
0
0
0
6247
0
0
0
0
0
4968
0
0
605
0
1618
48
3206
4768
0
0
0
0
0
0
2915
6708
885
7434
0
4393
0
0
0
0
0
0
0
0
0
0
7710
0
0
3155
4117
0
0
0
0
5643
0
0
0
0
7493
0
0
0
0
0
0
0
0
0
0
0
0
0
0
0
0
0
0
0
0
0
0
0
0
0
0
0
0
0
0
0
0
0
0
0
0
0
0
0
0
0
0
0
0
0
0
0
0
0
0
0
0
0
0
0
0
0
0
0
0
0
0
0
0
0
0
0
0
0
0
0
0
0
0
0
0
0
0
0
0
0
0
0
0
0
0
0
0
0
0
0
0
0
0
0
0
0
0
0
0
0
0
0
0
0
0
0
0
0
0
0
0
0
0
0
0
0
0
0
0
0
0
0
0
0
0
0
0
0
0
0
0
0
0
0
0
0
0
0
0
0
0
0
0
0
0
0
0
0
0
0
0
0
0
0
0
0
0
0
0
0
0
0
0
0
0
0
0
0
0
0
0
0
0
0
0
0
0
0
0
0
0
0
0
0
0
0
0
0
0
0
0
0
0
0
0
0
0
0
0
0
0
0
0
0
0
0
0
0
0
0
0
0
0
0
0
0
0
0
0
0
0
0
0
0
0
0
0
0
0
0
0
0
0
0
0
0
0
0
0
0
0
0
0
0
0
0
0
0
0
0
0
0
0
0
0
0
0
0
0
0
0
0
0
0
0
0
0
0
0
0
0
0
0
0
0
0
0
0
0
0
0
0
0
0
0
0
0
0
0
0
0
0
0
0
0
0
0
0
0
0
0
0
0
0
0
0
0
0
0
0
0
0
0
0
0
0
0
0
0
0
0
0
0
0
0
0
0
0
0
0
0
0
0
0
0
0
0
0
0
0
0
0
0
0
0
0
0
0
0
0
0
0
0
0
0
0
0
0
0
0
0
0
0
0
0
0
0
0
0
0
0
0
0
0
0
0
0
0
0
0
0
0
0
0
0
0
0
0
0
0
0
0
0
0
0
0
0
0
0
0
0
0
0
0
0
0
0
0
0
0
0
0
0
0
0
0
0
0
0
0
0
0
0
0
0
0
0
0
0
0
0
0
0
0
0
0
0
0
0
0
0
0
0
0
0
0
0
0
0
0
0
0
0
0
0
0
0
0
0
0
0
0
0
0
0
0
0
0
0
0
0
0
0
0
0
0
0
0
0
0
0
0
0
0
0
0
0
0
0
0
0
0
0
0
0
0
0
0
0
0
0
0
0
0
0
0
0
0
0
0
0
0
0
0
0
0
0
0
0
0
0
0
0
0
0
0
0
0
0
0
0
0
0
0
0
0
0
0
0
0
0
0
0
0
0
0
0
0
0
0
0
0
0
0
0
0
0
0
0
0
0
0
0
0
0
0
0
0
0
0
0
0
0
0
0
0
0
0
0
0
0
0
0
0
0
0
0
0
0
0
0
0
0
0
0
0
0
0
0
0
0
0
0
0
0
0
0
0
0
0
0
0
0
0
0
0
0
0
0
0
0
0
0
0
0
0
0
0
0
0
0
0
0
0
0
0
0
0
0
0
0
0
0
0
0
0
0
0
0
0
0
0
0
0
0
0
0
0
0
0
0
0
0
0
0
0
0
0
0
0
0
0
0
0
0
0
0
0
0
0
0
0
0
0
0
0
0
0
0
0
0
0
0
0
0
0
0
0
0
0
0
0
0
0
0
0
0
0
0
0
0
0
0
0
0
0
0
0
0
0
0
0
0
0
0
0
0
0
0
0
0
0
0
0
0
0
0
0
0
0
0
0
0
0
0
0
0
0
0
0
0
0
0
0
0
0
0
0
0
0
0
0
0
0
0
0
0
0
0
0
0
0
0
0
0
0
0
0
0
0
0
0
0
4067
1625
5688
4176
4733
0
0
4158
4240
3873
2395
0
0
0
4535
0
0
2872
0
158
749
0
3277
2987
573
0
4925
2551
5519
4405
0
4249
4164
2317
0
5244
0
941
4820
1728
3904
4774
0
0
5580
0
3785
1467
1331
1659
3281
3499
2363
0
3045
4163
2682
0
624
871
1589
0
0
0
5533
370
5683
5505
5180
5540
5524
0
4528
0
0
0
565
4230
1652
4965
0
0
0
5050
2324
208
2099
867
0
1480
0
3721
0
3538
0
2200
3408
0
5063
0
0
0
0
4068
2844
614
972
42
5792
1776
0
1543
4000
735
1646
0
0
0
0
5310
2763
4866
3038
4738
4263
0
3672
74
2562
1243
3629
0
963
0
0
722
1501
0
2165
0
0
4238
4339
5326
3384
0
0
0
2032
5500
0
1544
0
0
0
0
0
5032
4026
3076
0
4275
1337
690
2936
2589
0
3983
0
601
0
2034
0
0
2588
4388
3966
4010
0
0
3059
1155
3589
4413
2229
0
0
0
0
2690
5172
4842
0
980
2290
4790
0
844
0
0
5077
3227
0
0
0
0
4427
0
2631
0
0
0
42
0
0
0
5505
1501
120
4163
0
4699
4570
0
3794
691
2950
2793
0
4265
5645
2637
380
2473
0
2200
81
3941
3509
456
86
0
0
0
0
0
3255
0
3026
0
2144
2583
2920
4676
4432
3331
0
0
2858
0
541
0
0
833
2290
1426
1023
3425
1489
203
5758
0
1075
0
3382
0
409
2588
0
1243
4877
2462
0
2300
0
0
2399
630
0
5410
5672
1090
0
0
3542
3982
0
1976
0
5448
0
4123
4278
2749
4333
143
2061
0
0
3152
0
0
5128
4267
2113
0
1060
1961
4974
1471
2638
5064
4266
960
2424
5055
1749
3520
0
5583
3451
390
1839
2774
0
0
0
3330
0
4303
3569
0
3138
248
0
0
0
4679
5094
1370
4905
5460
0
1546
621
4455
5328
0
3079
0
870
0
1774
0
4673
0
0
3776
3923
1586
0
0
5512
2929
0
5220
72
2459
0
2507
3953
2433
2320
0
2692
2758
821
0
2404
2714
0
0
2057
0
2585
0
1064
5578
582
4049
3183
3939
0
0
5498
3546
1572
0
0
4806
3956
0
4915
2600
4809
541
775
0
0
811
0
3770
0
175
5581
4838
0
0
3546
3936
2191
0
4948
893
0
1780
4612
4338
1216
2260
0
4061
5511
0
0
1500
4013
2456
0
4248
3165
0
2959
2691
0
1170
0
4601
4550
0
0
0
0
707
831
2524
2595
4683
0
4537
0
4920
0
3445
912
1734
4558
0
3411
512
5309
0
4555
0
0
1743
1380
0
0
0
4660
1269
2154
0
2772
1636
1192
1248
2353
5009
0
4233
441
2306
5261
46
742
5144
0
0
0
0
4888
4666
1292
3964
4640
3217
1325
3779
0
4043
1204
0
5436
4488
2833
0
5768
1782
0
566
0
5627
3746
0
5771
187
5023
0
5296
814
3101
0
2888
4317
3936
0
0
0
5024
0
4763
1743
0
5128
1955
442
2478
0
4894
0
0
3264
5117
3649
0
5405
0
0
0
1798
0
2126
3181
221
2063
749
0
5387
0
4106
5327
0
4891
558
2170
1378
0
0
772
1421
486
2544
5067
0
3498
2131
0
3629
807
2140
3346
2611
597
0
3
1081
0
2548
0
0
1566
0
0
0
908
5155
3665
0
0
888
139
0
2805
2476
2460
3610
0
3207
2760
0
4371
1557
0
5423
0
759
1608
1195
4922
3936
231
2596
0
2092
0
0
4871
0
2639
0
3255
0
4233
0
2394
2882
0
1663
1128
0
2259
2151
0
3601
1987
1515
2128
0
4583
3330
0
3937
5032
3153
3530
660
4717
0
3361
5273
5753
0
0
2651
3077
2170
2841
2968
4840
4230
5356
1769
4713
0
3479
0
0
0
2952
0
2862
0
1254
4760
0
2444
959
0
2703
0
2646
5607
2895
5203
0
0
4147
5775
1223
1692
0
4744
0
0
0
0
0
4367
0
2902
4691
0
5431
4966
2396
1031
2519
114
2173
5499
0
5146
2624
812
1175
5451
1905
0
4682
0
3815
4047
0
2696
0
2225
1811
5754
1820
0
145
0
5012
3281
0
3197
4420
5131
0
2039
0
0
2971
0
0
0
0
1440
187
5138
4688
5733
0
0
0
0
5616
2643
2493
0
0
4292
0
0
5152
2985
562
0
851
0
3825
5115
2219
5727
0
3649
50
0
5560
627
0
3621
0
4606
3746
0
0
947
0
246
3794
4159
0
3906
2446
0
2042
2153
1648
0
2207
5523
792
0
4073
5380
5802
3465
3570
0
3313
4662
0
0
5338
0
0
2514
0
0
2094
0
3227
778
0
1002
0
57
0
0
0
4123
962
0
0
0
0
636
5585
5426
0
5025
472
0
5208
3131
0
1681
0
3191
5675
0
4694
3873
4741
1187
1126
3022
3907
1731
0
2012
0
0
1789
300
1173
0
0
866
2006
921
0
839
2578
1125
1252
1493
2457
849
215
2651
1046
2261
1875
0
1002
276
0
1054
0
855
0
1433
0
1729
2062
0
0
1943
417
2556
1362
508
0
1470
0
2086
2360
2138
2061
0
2046
0
2496
1112
1394
513
681
90
2568
0
0
1598
781
328
1851
0
1205
1636
984
10
2485
0
0
0
2271
935
454
1419
481
2373
0
2360
0
0
1362
502
0
1270
0
0
1452
6
0
62
0
0
1757
1415
1332
0
165
0
0
2371
0
0
1982
0
0
0
259
1485
2631
0
1933
676
0
799
2407
1881
0
1147
1049
0
2346
2255
1547
0
372
2180
0
355
2057
527
984
1601
1274
0
0
0
206
0
0
2422
1294
296
2450
1830
1368
850
0
973
0
2462
789
1152
0
129
962
412
625
1710
179
689
0
0
1104
263
1013
1676
576
1073
2603
208
0
0
1767
1949
179
2609
0
2043
981
1592
0
2571
686
1298
985
2016
0
1102
524
1579
27
836
1347
1229
2230
104
0
1254
1517
0
1640
0
16
2401
419
0
2640
0
2589
990
585
0
396
136
0
0
0
1088
2405
173
134
0
0
267
33
1046
0
0
1760
1544
1353
456
99
0
0
1119
782
0
0
0
246
105
1153
601
1705
280
2352
477
0
2581
0
0
2491
894
2633
964
258
2477
0
0
0
0
938
294
501
2219
2573
850
936
1388
0
1705
2504
0
0
1887
0
1948
0
0
0
0
0
403
0
732
0
0
0
0
0
0
0
0
0
0
0
0
0
0
0
0
0
848
402
0
0
0
0
0
0
0
0
0
0
0
0
0
0
0
0
0
0
0
0
0
0
0
0
0
0
0
0
0
0
0
0
0
0
0
0
0
0
0
0
0
0
0
0
0
0
0
0
0
0
0
0
0
0
0
0
0
0
0
0
0
0
0
0
0
0
0
0
0
0
0
0
0
0
0
0
0
0
0
0
0
0
0
0
711
0
0
0
0
0
0
0
0
0
0
0
0
0
648
0
0
0
0
0
0
0
0
0
0
0
0
0
0
0
0
0
0
0
1064
0
0
0
0
0
0
0
0
0
0
0
0
0
0
0
0
0
0
0
0
0
0
0
0
0
0
0
0
0
0
0
0
0
0
0
0
0
0
0
0
0
0
0
0
0
0
0
0
0
0
0
0
0
0
0
0
0
0
0
0
0
0
0
0
261
0
1336
0
0
0
0
0
0
0
0
0
0
0
0
0
0
0
0
0
0
0
0
0
0
0
0
0
0
0
0
0
0
0
0
0
0
0
0
0
0
0
0
0
0
0
0
0
0
0
0
0
0
0
0
0
0
0
0
0
0
0
0
0
0
0
0
0
0
0
0
0
0
879
0
206
0
0
0
0
325
0
0
0
0
0
0
0
0
0
0
0
0
0
0
0
0
0
0
0
0
0
0
0
0
0
0
0
0
0
0
0
0
0
0
0
0
0
0
0
0
0
0
0
0
0
0
0
0
0
0
0
0
0
0
0
0
0
0
0
0
0
0
0
0
164
0
0
0
0
0
0
0
0
0
0
0
0
0
0
0
0
0
0
0
0
0
0
0
0
0
0
0
0
0
0
0
0
0
0
0
0
0
1236
0
0
0
0
0
0
0
0
0
0
0
0
0
0
0
0
0
0
0
0
0
0
420
0
0
0
0
0
0
0
0
0
0
1067
0
0
0
930
0
0
0
0
0
0
0
0
0
0
0
0
0
0
0
0
0
121
0
0
0
0
0
0
0
0
0
0
0
0
0
0
0
0
0
0
0
0
176
0
0
0
0
829
0
0
0
0
0
0
0
0
0
0
0
0
0
0
1183
0
20
0
0
0
0
0
0
0
0
0
0
0
0
0
120
0
0
0
0
0
0
0
0
0
0
0
0
0
0
0
0
0
0
0
0
892
657
0
0
0
0
0
0
0
0
0
0
0
0
0
0
0
0
0
0
0
0
0
0
0
0
0
0
0
0
0
0
0
0
0
0
766
0
0
0
0
0
0
0
0
0
0
0
635
0
0
0
0
1314
0
0
0
0
0
0
0
0
0
0
0
0
0
710
0
0
0
0
0
0
0
0
0
0
0
0
0
0
1114
0
0
0
0
0
0
0
0
0
0
0
0
0
0
0
0
0
0
0
0
0
0
0
0
0
0
0
0
0
0
1183
0
0
0
0
0
0
0
0
301
0
0
0
0
0
0
0
0
0
0
0
0
0
0
0
751
0
0
0
0
0
276
0
0
0
0
0
0
0
0
0
0
0
0
0
0
0
242
0
0
0
0
0
0
0
0
0
0
0
0
0
0
0
0
0
0
0
0
0
0
0
0
0
0
0
0
0
0
0
410
0
0
0
0
0
0
1269
0
0
0
0
0
0
0
0
0
0
0
0
0
0
0
0
0
0
0
0
0
0
0
0
0
0
0
0
0
0
0
0
0
0
0
0
0
0
0
0
0
0
0
0
0
0
0
0
0
0
0
0
210
847
0
0
0
0
0
0
0
0
0
0
0
0
0
0
0
0
0
0
0
0
0
0
0
625
0
0
0
0
0
0
0
0
0
0
0
0
0
0
0
0
0
0
0
0
0
0
0
0
0
0
0
0
0
0
0
0
0
0
0
0
0
0
0
0
0
0
0
0
0
0
0
0
0
0
0
0
0
0
0
1247
0
0
0
0
0
0
0
0
0
0
0
0
0
0
0
0
0
0
0
0
0
0
0
0
0
0
0
0
0
0
0
0
0
0
0
0
0
484
0
0
0
0
0
0
0
0
0
0
0
0
0
0
0
0
0
0
0
0
0
0
0
0
0
0
0
0
0
0
0
0
0
1312
0
0
0
0
0
0
0
0
0
0
0
0
0
0
0
0
0
0
0
0
0
0
0
0
0
0
0
0
0
265
0
0
0
0
0
0
0
0
0
0
0
0
0
0
0
0
0
0
0
0
0
0
715
1002
0
0
591
1087
0
0
0
0
297
0
0
0
0
1121
627
0
0
0
0
0
0
0
0
0
0
0
0
0
0
0
0
0
0
0
0
0
0
0
0
0
0
0
0
0
0
0
0
0
0
0
0
0
0
0
0
0
0
0
0
0
0
0
0
0
0
0
0
0
0
0
0
0
0
0
0
0
0
0
0
0
0
0
0
0
0
0
364
151
198
0
136
0
588
0
539
281
245
0
59
471
30
0
176
404
291
0
157
36
0
0
381
0
0
43
0
216
127
101
70
406
484
312
160
0
0
231
625
122
594
239
87
0
0
0
154
156
281
192
135
0
213
0
16
283
396
392
215
530
602
0
597
0
21
0
201
379
0
0
0
0
143
0
576
109
0
461
134
61
211
294
145
0
0
0
119
0
118
499
99
0
556
0
409
112
617
178
249
0
594
1
160
0
24
501
79
410
115
0
421
159
48
0
409
254
439
0
381
0
0
464
21
354
0
391
0
0
348
435
0
148
0
421
0
509
0
87
621
456
0
339
0
0
202
0
465
537
356
293
518
182
0
366
295
0
290
0
177
0
370
141
483
157
194
296
0
389
0
0
0
529
561
0
267
412
0
0
0
189
501
0
293
0
207
204
196
386
0
383
412
254
0
376
339
176
488
245
0
52
169
563
0
431
131
0
22
295
147
25
77
349
29
0
545
0
562
583
426
122
171
0
268
117
257
0
7
103
0
0
0
33
486
15
0
0
176
262
337
189
0
0
0
375
531
0
0
389
119
0
609
253
0
321
460
99
231
513
308
62
136
543
474
58
0
77
144
581
0
256
0
433
177
550
371
439
222
0
0
139
110
616
546
0
570
0
440
0
0
129
202
84
62
527
518
0
314
7
333
402
18
168
170
0
493
44
68
516
300
313
0
566
0
106
0
0
259
0
576
556
584
18
0
0
430
56
558
0
0
12
232
0
0
475
0
118
0
477
155
0
382
342
0
0
609
27
4
0
82
290
12
491
326
339
548
616
231
314
72
318
0
166
0
559
59
0
551
0
422
136
571
469
241
315
0
0
0
24
0
444
0
0
0
0
414
0
233
156
131
413
0
255
287
204
0
343
0
566
109
0
586
254
576
605
564
379
534
0
0
615
0
31
0
242
204
0
0
0
45
154
104
327
330
335
89
591
487
0
252
574
509
57
0
597
0
372
539
0
555
349
0
352
374
44
530
0
0
342
266
569
448
259
3
353
454
220
57
0
523
0
0
0
555
545
0
0
213
0
0
33
92
421
0
357
0
0
0
0
435
410
546
13
0
180
76
367
42
465
11
420
0
405
546
0
56
70
0
0
154
387
419
0
282
140
466
0
485
106
445
0
283
44
185
88
164
617
0
0
80
310
0
0
68
0
341
231
31
0
0
129
606
237
385
624
0
0
0
185
25
0
471
198
562
287
483
0
0
214
0
483
0
0
0
264
0
364
94
399
556
0
292
465
323
0
226
0
149
495
0
519
549
0
0
0
0
150
580
391
379
399
267
143
555
0
100
0
518
0
0
0
174
578
334
0
248
44
0
358
0
0
588
0
0
0
0
0
0
166
0
306
394
0
0
0
154
320
0
0
0
0
0
62
529
0
0
0
0
0
232
0
0
0
253
457
485
0
616
73
0
0
111
0
267
0
240
512
0
88
401
11
492
572
0
362
280
0
0
541
0
238
296
3
620
395
496
0
366
409
316
0
7
0
439
334
64
61
0
396
49
0
525
0
258
53
0
465
18
0
0
18
547
82
0
0
0
0
72
0
0
4
114
378
0
383
0
0
127
67
120
206
0
0
0
371
0
0
272
261
121
350
0
0
0
614
0
0
211
0
374
322
0
383
0
307
109
0
100
0
608
90
242
44
0
516
259
0
103
0
479
612
394
429
89
523
26
0
350
478
71
0
336
0
553
0
343
525
0
0
192
370
0
281
211
223
0
0
380
0
544
280
214
0
497
0
0
186
602
0
69
0
284
538
424
167
331
382
555
485
121
395
28
30
185
116
147
557
0
354
0
61
0
70
535
0
153
519
315
0
0
0
606
621
385
0
472
0
185
401
0
387
55
418
0
334
135
432
0
467
510
0
0
0
99
0
0
0
0
269
166
0
508
92
67
313
360
388
0
0
0
484
19
358
579
480
573
610
194
0
622
0
147
355
397
170
596
619
1
625
442
503
134
0
0
250
279
175
79
609
0
0
373
223
269
0
376
574
22
0
0
492
0
275
359
0
109
265
190
0
210
70
0
431
493
567
461
0
181
0
309
194
9
183
371
78
0
473
42
129
227
283
0
117
552
0
0
0
0
0
591
0
0
0
284
184
93
395
78
35
108
0
574
0
475
462
302
0
64
137
0
46
0
444
69
0
202
496
154
589
433
305
0
0
0
584
24
122
0
258
544
0
0
330
189
0
0
21
110
0
0
0
294
240
0
0
324
0
173
57
285
0
0
551
487
49
602
0
0
0
0
53
309
551
427
170
230
69
298
0
493
0
493
622
320
0
62
617
0
601
475
409
393
348
251
515
186
0
85
0
0
0
514
399
0
59
0
432
0
0
17
145
56
187
0
438
100
0
543
251
0
420
139
0
0
114
626
0
0
6760
11067
6959
4007
5480
4652
2885
0
0
6491
9930
0
7350
0
3648
0
2623
0
5369
5321
10743
5839
0
0
0
11809
4866
0
0
0
0
5675
4365
0
4332
7877
0
4507
2129
0
0
0
0
6432
975
5903
0
3676
0
5164
0
7689
1886
0
8326
0
1814
0
0
5272
0
4406
5298
3641
10292
4045
6242
0
8584
7344
7362
10881
110
2287
0
0
9152
0
6727
9459
2839
1588
686
8321
10156
0
84
5208
0
10026
8943
3284
1916
8238
0
6670
9191
0
5972
0
0
0
5550
11066
9669
11701
0
0
4377
8621
0
9511
0
11459
8928
3639
0
0
0
0
0
0
6827
12090
7477
4568
0
27
9522
10934
1794
0
11946
3111
0
0
11149
10137
0
11918
420
7598
0
10199
9151
9102
0
5759
6351
9733
6277
12013
11533
0
8019
6688
0
7903
0
0
9309
0
4111
757
0
6747
7317
11347
1298
11122
6102
5862
4902
0
11491
0
0
0
0
0
7221
0
10301
3856
0
0
9688
6062
0
6884
0
0
11695
962
0
0
0
0
6497
0
1778
454
0
11653
10771
0
7017
0
5750
0
5034
4000
0
0
0
4252
8930
0
0
0
0
11197
6030
11323
0
7418
0
4625
0
11417
1633
0
1651
7268
0
0
7339
4729
5519
0
9675
0
3328
3466
0
10244
11772
0
0
4483
0
0
0
7885
1747
6304
0
10014
6331
0
9466
0
10832
9954
0
0
7583
4005
11086
5544
4707
4449
0
5113
3718
9560
8836
8995
0
10323
0
0
9678
0
5151
5206
1578
0
11621
0
0
0
5226
4893
6710
7552
10082
0
8305
5569
2347
5886
4061
0
10193
10883
0
6372
5570
8756
0
0
0
4791
0
0
4105
7443
351
0
0
5986
11377
2426
6823
5257
0
3330
0
0
0
4085
0
0
6135
6182
0
6538
5856
5519
7324
0
0
0
0
6859
3816
0
11004
8322
10362
9765
6777
0
7687
11239
7258
5195
0
6926
0
3060
1976
0
0
3093
7735
6939
0
4661
709
8432
0
4618
11532
6919
11743
9808
5360
3719
10605
0
8065
7463
7228
4289
0
7309
10839
167
3801
11310
334
10265
0
10197
11706
11817
11237
0
0
2477
0
573
0
9255
0
7383
0
7967
0
0
7807
4842
0
0
0
0
0
7456
0
8976
0
5204
0
10465
0
2501
0
8427
0
8494
0
9669
0
0
11319
0
0
0
0
11023
11014
0
4618
12018
0
1547
0
0
0
0
0
4910
0
8262
9296
0
8466
5437
4672
9569
0
0
0
7586
1968
0
10010
0
0
11045
3216
11257
9491
0
0
6109
6264
9809
0
902
0
0
5584
0
9893
0
0
6039
5686
4922
0
2751
0
10038
6624
0
9774
9595
3175
1960
10859
0
4459
7978
1651
11557
5235
0
5977
1967
9045
0
10499
5858
0
4018
1838
3332
9220
0
6781
4706
1319
8620
8459
5383
10669
4148
0
8792
1366
8139
9135
3172
6985
7878
6023
10730
3404
8709
6199
4621
7918
6724
10779
10351
2529
0
11247
471
9510
0
0
11263
0
8205
5988
0
0
0
0
7035
4996
5870
10415
6938
2645
7136
0
10449
2701
3909
0
0
3792
9228
498
9102
10980
7422
8431
0
0
0
0
0
0
9224
0
3165
10239
0
7992
1121
0
10687
8300
0
0
6718
0
10578
3580
5542
6475
0
6112
10586
5673
9655
0
8511
11911
0
2419
6922
9696
0
0
3175
0
0
6546
6717
1557
0
0
4134
0
2948
5906
0
0
0
306
0
10331
0
1431
0
10892
9557
4642
335
0
5366
5051
0
6573
6082
6407
7241
3518
11589
0
693
0
0
5886
3645
3899
9738
56
143
0
8751
0
0
11202
8440
0
10980
7669
11999
0
8602
1211
8934
7701
7870
5784
6918
8748
1598
10699
1526
0
8326
4654
1545
0
10303
7442
3758
4339
0
8877
2604
0
9283
7634
0
6611
905
0
7540
0
10030
0
0
10310
0
6006
0
274
9733
0
3331
0
9243
9442
7974
0
2314
9774
921
0
0
0
0
11592
8279
0
9468
13074
3362
0
0
0
519
4038
0
10587
0
0
10334
12242
2030
0
0
0
8797
5495
6262
0
0
0
0
5867
2852
12857
0
0
0
0
0
0
2928
5775
11583
0
0
0
0
0
11445
156
0
0
0
0
0
0
10477
11509
10862
0
0
0
9321
0
8469
13093
10861
5912
2241
0
8750
11311
0
12842
0
9714
3185
0
2834
12461
0
0
0
11858
0
0
0
7379
0
0
0
0
0
0
2757
0
11857
4207
7572
0
6510
10681
0
0
0
0
4742
11237
0
0
11918
9731
3544
3890
0
0
0
0
1637
0
0
0
0
0
0
2755
0
2680
0
0
1226
7717
1323
6472
6677
0
0
0
0
0
4133
0
1498
12331
2368
0
11452
0
0
0
0
9094
0
8821
0
0
35
8014
0
0
7500
5179
0
0
7968
13422
0
8953
0
3608
630
0
8799
0
9820
12013
0
4461
0
0
0
0
0
5375
0
0
3438
0
0
8822
10011
3311
91
0
8968
10898
0
0
0
0
7426
0
0
4716
7779
0
2430
0
6408
381
0
10911
3578
0
0
0
0
8264
0
1026
7990
0
0
8689
0
11740
11743
11263
0
2972
0
0
0
8008
0
0
0
0
3239
11619
0
0
0
0
396
0
0
0
0
0
482
6389
5109
0
5574
0
0
0
0
0
0
6325
1792
5594
6735
0
10422
0
2156
74
0
4263
10190
0
0
11501
7651
2293
653
0
0
0
0
7278
0
0
5852
11370
13229
3475
6789
9907
8268
0
10879
0
7786
7958
8015
0
0
0
0
12197
0
12755
1662
4505
10278
851
514
0
0
6369
5967
8628
0
0
0
368
0
4682
10276
0
0
0
0
0
10674
0
6402
131
0
0
0
3622
10962
9752
0
8105
10622
0
0
0
0
0
6694
0
0
0
0
0
9618
9118
0
11365
11846
0
13173
0
9168
0
0
9318
0
0
0
1009
0
4222
7302
7525
0
0
0
2241
9451
11405
0
0
5460
0
1538
0
5119
0
0
0
0
903
1467
9233
0
0
0
0
0
4819
6676
0
0
0
956
0
2571
3736
0
2003
0
6672
0
10539
7693
10822
0
0
0
8255
10513
0
4481
0
9663
0
5932
2952
0
8696
0
0
0
0
1865
0
0
0
0
12335
0
13010
0
1895
528
1657
0
10608
0
5214
13586
1948
13249
0
0
13270
0
8257
0
0
7412
0
0
0
0
0
8853
0
2069
8049
0
11495
0
0
0
13208
5680
0
0
0
0
0
12553
0
0
0
0
0
0
0
1471
0
0
0
239
7710
0
7084
0
0
0
10924
736
3403
0
0
0
0
9702
0
0
8825
6766
3294
0
0
0
0
0
0
12360
13013
0
0
7961
3085
0
3810
0
9894
0
2952
0
12539
0
3552
0
5933
0
2221
0
13510
0
7017
0
0
5401
0
0
0
0
0
0
0
0
5488
6115
0
0
2910
7970
0
8983
10590
0
0
579
7984
0
0
0
0
1971
0
0
0
0
0
0
0
0
0
6860
0
7709
0
0
0
11015
10633
5937
0
0
0
10834
0
0
0
0
0
4581
0
0
8592
7067
0
10639
0
0
0
10680
8225
2246
0
5953
0
13591
0
0
0
0
0
1207
0
0
0
4140
0
0
0
1784
0
10205
13051
5824
5506
11961
10127
8398
0
11532
13104
0
0
0
5364
327
9051
8358
0
0
8807
0
0
0
0
3090
0
4429
0
0
8862
5813
10445
0
10068
12390
0
0
4413
6554
11345
9079
0
13349
6551
1581
3223
0
12325
0
0
0
0
0
10633
0
5411
0
10969
0
1155
0
0
2623
0
11535
0
0
8080
0
0
10782
2429
0
0
0
1982
0
0
11941
2959
2851
0
0
0
0
2168
8648
11569
11160
6763
0
0
0
1846
6845
2881
0
0
0
0
0
0
11391
0
0
8496
0
10978
8469
13189
0
1054
3809
0
0
11239
11705
0
0
0
3698
0
0
0
0
6896
0
7191
4773
2188
0
0
10605
0
0
0
6106
0
3496
780
0
0
0
7260
0
6661
0
8875
12801
0
0
0
2363
0
0
3517
0
0
0
350
0
0
0
5511
0
4242
0
0
8801
0
0
1091
0
1330
0
2768
11620
7822
0
2463
0
5118
8928
0
347
0
4894
0
0
0
12676
0
7136
0
0
0
0
12534
0
0
0
0
8592
5775
0
0
0
0
9466
0
0
5578
0
12547
904
0
0
4402
4533
0
0
4916
0
0
4191
0
2937
4126
10900
3823
0
0
889
0
2754
5624
11365
0
9313
0
7164
0
7841
0
2726
1731
1346
0
0
9249
9028
3432
10067
0
0
6264
8796
9050
0
2447
0
0
0
1577
0
0
0
0
7835
9875
0
0
8959
0
2357
0
6726
0
896
0
10283
0
0
0
0
0
2871
7500
3290
0
6278
9939
0
0
0
124
3693
7954
0
0
8382
9070
8557
6780
191
6645
0
10142
4765
7882
368
6521
0
9628
10410
5714
0
0
2129
0
0
0
8176
0
8369
0
3163
6759
8233
10272
1047
6569
3427
3818
10161
0
0
0
0
5947
0
8297
2395
0
0
0
3507
5119
2944
2854
2464
9215
10259
6816
1843
0
443
0
3624
0
0
1394
2719
0
3543
0
6264
308
9731
6916
289
1203
6480
0
8973
4200
8564
0
9125
3885
5729
10206
4088
193
0
534
0
6119
0
4930
25
0
5487
0
2477
1726
7818
9416
5809
0
0
4417
0
0
0
0
0
4245
9116
5717
0
8545
9383
5504
2902
0
5361
4419
10204
0
3539
5046
5721
0
0
0
0
2805
6176
0
9880
10237
0
9140
0
0
2293
4294
0
6065
7756
996
7712
0
10232
5807
2336
2101
8373
0
0
1681
0
7102
5120
0
2448
0
8046
6816
6639
0
0
0
7724
6318
0
2148
5777
0
7390
0
0
3040
2285
0
9031
0
6201
0
2604
0
6212
0
0
0
4258
9575
5797
6706
9751
8089
2480
7155
0
1282
5423
10026
0
7862
6884
0
7592
7172
0
7418
0
1974
0
0
7408
1307
0
8695
9861
3969
5307
6173
3963
7326
7812
0
0
1441
0
0
2831
0
8948
4638
0
5278
0
8032
0
3334
9835
3371
0
0
5599
0
0
0
1444
8169
9532
7063
2993
0
7511
5981
8390
6930
5860
4353
5594
0
0
8032
6094
10371
0
0
8047
8941
0
9665
0
4857
670
3713
0
0
6088
0
5256
5743
2629
8094
7389
6784
414
5874
0
6486
0
6658
2419
2506
9588
8788
2634
3092
6499
5889
6040
7370
0
9665
8357
7858
0
4524
0
10149
8355
10395
0
9360
0
0
0
10042
0
22
1497
541
0
3306
7395
1125
7491
2243
0
486
0
9372
9423
0
8541
5325
0
10231
3570
0
0
378
0
0
1945
0
8269
7138
5867
808
0
6443
0
5470
0
0
5380
0
6599
10325
0
5983
3947
0
2681
8243
6742
3706
0
0
5642
10358
1836
5671
0
0
0
2464
0
0
2603
0
0
4475
158
7954
6420
3027
0
634
0
8959
7752
989
0
0
6047
1807
1831
0
3815
0
7350
0
0
6422
4317
0
6727
0
8540
0
0
0
7771
0
8806
0
0
2436
1017
5586
0
5997
6594
6503
9788
5122
0
5611
0
285
0
8182
6470
0
6521
0
6189
1659
6989
4550
0
952
0
710
8831
0
3028
435
446
9261
3356
4335
0
0
6226
0
9907
3326
9299
4415
2934
0
3454
4702
0
5392
10129
0
0
9843
0
3580
1588
8387
0
6049
2195
0
5358
8917
0
2950
8079
1627
601
7606
0
2668
0
583
49
2434
0
0
2205
7999
370
0
0
8433
0
9798
3282
1679
7750
0
42
4715
10239
0
0
0
4009
0
8937
5318
5171
2168
5586
0
4892
7429
3443
0
0
6485
0
0
1933
0
2867
8978
993
8493
0
0
1939
0
0
557
9663
1329
6782
0
1162
6952
0
8998
0
1043
6865
8879
0
9214
1980
8877
0
0
2498
3918
0
7958
0
0
6045
0
9277
0
0
9856
0
0
6904
9700
0
5876
0
4738
0
2501
3923
2374
3995
4763
10399
9554
10170
0
0
5606
4992
0
9505
1505
0
0
7192
80
1740
5680
7737
8124
0
0
9925
0
9177
7403
0
9771
4033
8105
32
650
7752
0
0
0
3410
0
0
7594
7807
258
5276
0
0
7171
9962
6277
7886
0
6596
0
4320
0
0
0
7073
10320
6206
7357
4609
5310
9545
0
2614
6962
7531
39
4215
5151
10412
5256
6298
10370
2112
2291
46
0
0
0
0
5367
744
0
0
4154
3058
7536
0
0
1280
0
6816
0
4652
6725
1704
0
0
4396
2802
7422
8720
0
0
700
8473
5290
136
5005
8050
0
0
8912
0
6706
0
5556
9795
7890
7494
4484
8187
666
0
0
0
8120
0
447
4985
2465
4250
5237
7140
566
3474
0
7438
9590
3421
0
0
6651
1369
6060
8966
5680
0
0
0
1606
0
0
9217
9556
3109
7295
2655
9424
9905
2046
0
5461
0
3472
0
0
4646
1690
0
4183
2774
0
5494
0
0
0
7904
0
4680
5136
0
7682
717
9806
9359
4909
2004
9364
10161
0
0
2350
3893
0
6289
1548
268
0
2491
0
0
0
6770
7835
0
4110
0
1679
0
5681
1351
0
0
0
3923
3525
1958
7274
1699
3143
0
3077
4389
8262
0
0
8785
0
9997
3017
0
0
0
1507
9570
4222
0
7331
1511
1727
0
0
0
0
9321
0
622
0
6052
0
0
8736
4798
8735
0
0
8397
2836
0
0
328
9139
0
0
9035
0
5301
6726
8028
10096
8803
2526
0
0
3801
5622
10049
287
0
0
0
0
0
0
0
0
0
0
0
0
0
0
4766
1573
0
0
0
0
0
0
0
0
0
0
0
0
0
0
0
5600
2474
0
0
0
0
3900
0
0
0
0
5916
0
0
0
0
0
0
0
0
0
0
0
0
0
0
0
0
0
1757
0
0
0
4364
0
3497
0
0
0
0
0
0
0
0
0
0
0
0
0
0
0
2863
0
0
0
0
0
4589
2665
0
0
0
3315
0
0
0
0
0
0
0
0
0
0
0
0
0
0
0
0
0
0
0
0
0
0
0
0
0
0
0
378
5396
0
0
5398
0
0
0
2675
0
0
0
0
2344
0
0
0
2793
0
6355
0
0
0
0
2785
0
0
0
0
0
0
0
0
0
0
0
0
0
0
0
0
0
0
0
2434
0
0
1751
0
0
0
0
0
3696
0
0
0
0
0
0
0
0
0
0
0
0
0
0
0
0
0
5813
0
0
0
5267
3178
0
2463
4773
0
0
0
0
3299
0
0
0
0
0
0
0
0
0
0
0
0
0
0
0
0
0
0
0
974
2428
894
2396
0
6550
1767
45
0
4386
3349
2058
0
3512
0
793
0
4590
778
0
1859
0
2733
0
6406
0
955
25
3646
3006
5569
2953
0
1038
2032
0
0
3381
1875
0
3682
2691
1334
5356
0
3038
2979
4211
5912
0
6695
3057
0
0
1344
4842
0
2017
0
0
810
1244
1020
2900
1776
0
5334
4731
3649
4203
0
822
0
0
4882
1002
0
57
0
0
719
3709
0
2795
3189
4281
0
5502
0
3790
2920
3195
2850
5129
2897
0
5767
313
2257
6605
3128
4676
0
1989
2910
0
2320
0
1383
4319
6365
0
1844
0
0
4296
0
4382
5650
208
0
0
0
411
4104
2989
6366
4223
332
1831
3812
1432
2719
0
2051
1157
6030
4605
0
0
0
0
224
1857
845
0
4862
0
3576
0
2970
0
5001
3391
3684
851
5131
836
0
0
0
935
431
6693
0
5888
0
6173
0
6505
0
0
0
0
0
0
4381
0
0
3576
1905
1214
799
3665
1891
6273
3353
0
6616
3447
0
0
2425
0
0
1996
3354
4387
4133
2207
0
0
5408
1409
0
0
229
0
5205
649
3921
1294
5292
4009
0
0
0
5264
3204
1873
2914
4490
5345
4619
0
2919
3432
0
950
0
0
2979
0
0
6305
4784
1531
0
5160
6197
0
0
3164
1602
4768
0
5336
2272
1569
0
3278
0
0
0
6467
0
280
4496
0
7156
9526
0
5536
13265
2293
3731
0
8284
10792
12728
0
5589
0
0
0
6666
0
0
0
0
8878
9457
0
0
9763
4066
0
0
8450
0
11812
0
0
0
1237
0
8684
10893
2937
9718
0
0
0
0
9673
0
0
0
0
0
1725
3309
13129
0
0
0
9517
0
0
0
0
5604
6838
0
0
0
0
0
0
0
0
0
2637
0
14343
0
14841
0
0
0
0
9909
7098
11474
0
0
0
1028
5110
7931
0
89
0
8592
0
0
8958
0
0
0
0
2394
0
1590
0
0
1274
10855
0
0
0
9690
1030
9628
8443
4394
0
0
0
0
11975
0
11320
0
0
1554
0
0
0
12691
11624
14314
0
0
0
0
0
13262
0
0
8671
13344
0
0
0
0
0
0
3829
0
0
0
0
0
9198
0
10249
12049
0
9873
13613
0
8111
12562
6373
14756
2607
3559
14757
3306
0
0
0
0
2647
0
12296
0
1643
2260
5820
13768
9675
14334
0
3891
0
10848
14957
3126
0
0
8399
10710
0
2225
1107
0
0
11213
0
0
0
0
0
0
3457
2896
0
0
11689
1782
0
10359
0
0
3642
2130
869
7885
3234
4393
12016
0
11907
0
0
0
0
12461
10386
0
13801
13810
3456
0
0
0
4487
0
5058
7242
0
7979
206
1106
0
0
0
0
5173
0
367
13713
6983
0
8081
0
5685
7413
7390
13533
0
0
0
0
10615
0
4518
8974
0
0
8504
0
7387
218
12970
13313
6940
0
0
13585
629
1461
0
0
0
6755
0
0
0
14441
0
9140
7162
0
0
0
0
474
2982
3903
1018
4362
4928
0
0
5188
1845
905
2065
4716
5132
0
0
0
0
0
754
562
3840
3120
825
3986
0
2977
2858
0
1693
1730
0
3295
5230
0
0
583
1936
429
0
0
2059
4494
4394
0
0
1396
1255
0
3992
699
0
0
0
3877
5304
0
0
0
3888
3213
0
2407
0
0
2389
721
4297
3268
963
757
0
3755
2311
2861
0
930
4730
0
4511
5435
530
2603
2306
5331
2918
0
4824
4461
2785
1577
3257
1078
1715
0
1308
0
0
115
5553
0
2172
0
0
2103
0
1631
4940
4216
3340
4412
0
1528
3328
879
0
942
851
146
0
214
0
5145
3743
2415
3911
0
0
2944
2943
0
2483
5324
0
0
0
1190
0
851
2531
4428
802
2901
0
0
3343
0
0
5224
955
0
0
0
434
0
376
0
0
4210
1316
0
2660
0
292
5011
1136
4947
4767
0
1839
4831
0
0
5223
0
0
3336
0
1489
5057
3798
2614
0
3307
1071
1362
0
1750
2847
0
0
3272
5479
5037
4196
3123
5261
0
0
1413
2074
2328
908
2070
5309
0
0
2354
0
3844
0
0
0
4673
2632
0
0
2785
645
1118
0
3141
0
3635
0
0
920
0
0
1126
0
5066
4110
2361
2935
0
3708
0
0
0
3982
0
205
0
3123
3092
1227
1093
3247
0
0
4960
0
3502
0
26
3630
0
1846
2885
1673
0
0
0
1460
943
0
0
1745
3100
2798
0
5030
4578
0
1959
2441
2350
0
0
0
0
0
0
4917
0
0
0
1055
1764
3682
0
0
3160
4769
2540
5246
449
0
524
1504
0
1301
0
2404
2967
876
687
585
4568
4148
0
3496
0
1122
2869
0
3711
2254
4491
0
5488
0
841
555
0
3434
4593
5298
2430
3820
2028
5474
0
1134
3427
1280
4968
1928
5499
3495
0
979
0
3661
4356
941
0
3680
1641
0
4321
4560
0
3498
3070
226
4359
655
3511
1696
3864
2879
1093
2235
0
1203
0
2206
4260
0
5257
5184
0
3372
0
5556
1851
0
0
0
2526
0
0
0
1754
5026
0
0
0
0
3883
3963
4373
0
0
0
4018
5346
2290
0
1583
4697
0
331
4100
0
3902
0
0
0
736
3439
2926
1310
5265
5273
2948
0
0
0
5132
3794
350
3227
3024
3792
0
0
1291
736
0
0
91
672
0
965
0
0
4106
278
4991
5495
1477
2279
3942
616
618
1992
0
392
1206
1289
0
5134
2744
4990
3129
1081
522
0
0
1003
3160
4966
0
412
3331
652
0
0
674
0
3500
0
0
4761
3905
0
0
5037
420
5229
2121
0
0
24
800
0
1
825
0
4082
4513
4531
2442
0
5293
1838
3527
3597
3099
0
72
4038
0
3388
2989
609
1491
312
0
0
0
3732
101
4196
4625
3946
2623
4434
3862
1662
4380
5522
0
1223
0
4770
315
639
1353
0
2070
3715
0
535
1782
4593
0
5223
2387
0
0
0
608
2444
3144
4924
2938
2203
0
0
56
0
3320
2341
4944
2589
0
2066
3165
0
5038
5228
1097
2248
4889
0
5425
1666
1618
0
3550
0
0
3530
3950
5438
0
3567
643
0
1505
3371
4937
1382
3301
0
0
2744
0
0
0
0
1718
4269
0
96
0
573
0
4673
3849
4197
0
2777
1827
0
3668
4481
0
195
0
321
730
5534
0
0
0
0
4970
2332
808
5065
5453
0
52
5324
3443
4459
5504
0
2189
2935
0
5559
0
2606
3974
1687
4122
4523
3753
92
2497
0
4927
3977
1992
5551
0
2214
5405
2630
0
3083
956
0
3173
3283
2870
708
5536
3421
5282
1375
3479
0
4957
1717
5177
3066
3517
0
0
1881
2687
666
2624
0
942
1818
1555
5042
3211
3962
0
0
0
887
3809
3416
0
0
1075
0
0
0
0
0
5185
725
0
1289
2004
0
0
1627
3258
0
0
2888
2776
1469
4480
0
2315
0
1641
1229
0
5140
0
4763
3718
3345
5170
4724
0
4979
770
4217
4781
1352
2949
0
1340
1481
0
1297
3720
1955
0
2539
0
0
3418
0
4683
0
2058
0
3253
1128
0
0
1423
3791
0
0
0
0
0
0
0
0
3381
0
3832
0
4625
300
1972
0
3929
1163
2327
1803
3733
5107
4567
0
3130
3989
4347
2375
0
3225
0
3034
326
0
768
3927
2587
2175
3285
355
4798
2579
389
5061
0
1751
0
0
578
1912
4848
3817
2520
884
3482
2615
3463
2602
0
837
0
801
4095
1335
0
2622
0
0
4205
0
4755
3255
1320
1264
751
3806
0
5279
0
0
4852
0
0
630
0
3191
2892
5440
1866
5415
1826
1267
375
0
0
1056
1398
0
424
2331
1401
443
756
0
722
0
2488
1591
2132
2175
0
0
0
0
0
0
1024
0
0
808
2551
0
0
1512
1497
0
0
0
1055
655
582
1073
0
1899
1298
2572
1959
0
0
2163
0
2621
515
332
0
0
0
2277
1834
694
1673
1443
559
934
660
1156
111
2509
702
261
0
145
0
629
36
0
0
2581
2450
0
482
1402
287
1389
747
0
0
0
0
0
2181
844
1593
0
1548
798
0
0
0
0
1958
2236
0
1616
0
1887
553
2652
1955
739
2401
2185
1638
673
0
1602
1991
0
326
0
2508
249
1710
0
465
0
0
2037
0
1907
2528
1009
1487
2609
0
50
189
2445
0
827
2114
0
214
1294
1163
535
2516
0
1512
0
1919
983
2371
355
853
0
2651
1057
0
0
0
1517
2022
2399
2369
2451
952
425
16
252
0
1529
1472
1454
1041
1044
1614
393
2440
0
225
0
0
1371
2469
0
0
0
0
414
0
0
1926
2089
834
2658
474
0
1006
0
0
2282
0
0
1140
1335
0
0
656
0
891
586
0
460
505
2488
138
0
1490
0
1802
775
1465
2548
0
0
1115
0
603
2516
631
0
1488
0
887
279
330
410
1757
2632
2043
1112
0
401
0
2263
1912
0
1924
1535
0
837
2225
0
2334
862
2394
1023
1918
1156
139
0
2076
0
0
1737
2121
1647
0
770
0
1871
545
1644
1465
0
1628
2530
2456
0
934
1983
317
2618
206
1053
2289
0
0
287
0
0
550
2147
0
0
505
888
1108
495
2613
767
327
535
1510
2401
2150
0
0
2076
0
203
0
1284
638
0
1353
0
2277
2544
0
0
1363
286
2090
1734
2663
0
769
2538
2363
0
2073
817
0
1589
0
0
1842
0
1413
334
163
1135
868
879
545
153
2238
2015
0
0
2717
0
0
2297
0
177
2052
1483
2717
0
1292
0
2719
1823
470
0
0
1514
0
1747
411
0
2169
1465
2207
1017
900
210
1902
664
1124
0
0
182
2239
0
0
775
2544
0
69
0
696
0
103
0
2623
1944
925
796
0
1157
742
2337
280
0
1996
1415
1696
1847
2365
202
0
1273
2581
1288
1974
0
1726
1581
0
0
1761
789
0
0
2373
2470
0
876
2587
0
525
1413
835
1217
2447
0
0
2616
626
2273
2066
1018
795
0
0
999
0
2463
1801
1666
2635
0
630
0
1938
1372
0
0
1204
2270
0
128
749
1921
2350
1929
0
957
1421
0
609
1501
1139
327
178
359
879
389
0
954
1691
895
49
266
127
2221
0
705
0
2042
0
0
0
0
0
1858
1603
1147
433
1135
2255
1209
1435
2395
2440
2298
2138
0
0
437
1207
0
1206
1948
1636
0
0
0
0
1799
2068
1913
2634
2469
923
269
2032
1819
0
610
1488
0
0
715
0
0
0
0
2633
0
0
500
0
0
2005
2186
355
0
855
2294
1037
620
0
2537
0
1603
2354
0
2691
18
2180
0
1430
2581
0
0
0
2323
2197
2190
2546
78
1070
0
1907
0
174
583
0
0
236
253
2664
0
1740
621
1775
2432
2029
0
1070
1031
0
0
2343
330
472
1250
1875
541
0
1432
1072
0
1237
0
0
0
797
2220
0
2109
0
0
2146
387
0
0
212
790
2312
0
1354
1401
0
1581
1168
0
0
672
1109
0
1217
1535
293
0
0
570
417
18
2397
231
0
835
259
0
1266
0
133
1563
6
0
360
0
314
383
156
393
0
876
1185
0
0
2169
1976
1721
412
0
1088
90
1074
1859
594
1685
315
2558
1001
0
0
992
0
2031
2409
0
1017
415
2426
693
2639
0
1841
1701
0
0
0
462
2210
916
0
0
1779
115
0
0
2167
487
2578
1448
0
2532
499
0
0
1307
0
0
1439
1699
432
2472
0
1294
180
0
0
2232
815
1546
937
2661
507
0
17
2607
0
485
2245
1437
1665
0
1571
2245
0
2274
0
971
2178
2631
0
1731
457
842
1228
2123
652
0
1478
0
500
1205
0
0
0
861
2629
126
0
1112
0
308
0
357
0
1309
0
1438
2191
2026
2449
0
2709
1488
0
1435
1630
1342
249
497
1554
0
0
0
0
2394
0
0
770
2164
1873
0
0
0
307
1705
546
927
2605
0
2176
1493
0
1995
1224
940
0
727
2534
0
422
1875
0
0
739
574
0
2582
78
1373
1758
0
0
492
0
2426
1674
0
0
932
85
0
609
0
163
0
0
0
0
0
1089
0
0
0
0
0
0
0
0
0
0
0
0
0
0
0
0
0
0
0
0
0
0
0
0
0
0
0
0
0
0
0
0
0
0
0
0
0
0
0
0
0
0
0
0
0
0
0
0
0
0
0
0
0
0
0
0
0
0
0
0
0
0
0
0
0
0
0
0
0
0
0
0
0
0
0
0
0
0
0
0
0
353
0
0
0
0
0
0
1489
0
0
0
0
0
0
0
0
0
0
0
0
0
0
0
0
0
0
0
0
0
0
0
0
1525
1026
0
0
0
0
0
0
0
0
0
0
0
0
0
0
0
0
0
0
0
0
0
0
0
0
0
0
0
0
0
0
0
0
0
0
0
0
1031
0
0
0
0
0
0
0
0
0
0
13
0
0
0
0
0
0
0
0
0
0
0
0
0
0
0
0
0
0
0
0
0
0
0
0
0
0
0
0
0
6137
1665
3688
5679
5449
291
0
4797
2460
3767
5693
0
0
5443
3
0
0
0
0
0
5511
3275
5699
0
0
1213
0
5785
2422
2533
0
337
0
4296
2619
967
307
978
4465
5979
4110
0
0
3360
0
3815
0
3891
3013
2601
339
0
1405
0
5292
5960
4711
4954
1996
3095
0
0
916
362
794
5408
0
1082
677
3207
1956
5371
0
1451
0
0
5361
1673
6252
219
780
0
638
6185
2832
419
0
0
4536
966
2048
1043
0
0
0
89
5070
0
738
5937
5534
0
4591
3906
0
0
0
0
0
3837
3016
0
5513
4501
942
2498
5060
5129
3234
1438
0
814
0
0
0
0
2563
1771
2317
5405
2383
4310
4079
1867
5082
160
3984
3075
709
2147
2985
0
0
3048
4961
910
4605
0
5595
3021
1443
0
6179
6213
5988
5222
5934
5669
4516
3162
0
1511
0
0
6185
1508
0
0
4744
5642
3827
3263
3787
82
4266
2939
4445
5125
3655
3663
802
0
4841
0
2623
5845
0
0
5326
3407
0
5626
4490
3433
1529
0
1571
4828
0
6013
0
4532
3751
3663
1426
0
4686
1143
0
0
2950
5390
6202
4399
4916
4684
0
300
4742
2160
0
3867
3324
0
3143
1917
950
0
1085
4111
1861
0
5311
5729
6130
0
5567
0
3301
0
4770
0
1321
0
0
3541
0
1435
0
4505
0
5780
3680
0
0
3341
2197
0
5020
2437
0
3597
5772
1765
0
0
749
0
0
0
0
4670
0
0
0
0
0
1658
4510
4197
0
0
36
2277
5076
0
628
664
6034
844
6221
0
6059
0
0
0
780
2612
0
3984
0
5340
562
4802
6266
3019
6274
3349
6206
0
0
832
0
3874
1538
2426
0
5867
0
0
5763
1560
0
5522
0
40
0
3136
2904
0
0
0
2758
5993
0
0
0
0
6228
6198
0
3170
0
0
0
6163
0
6242
3685
1148
510
4438
5819
0
0
0
560
134
5494
0
1280
2470
0
0
3411
0
0
0
0
0
0
1427
5864
0
2154
0
2846
3053
0
4023
5684
6024
3131
5913
1171
3834
2016
1638
3503
5815
0
5873
4478
0
0
0
4528
347
5259
5675
1252
1821
0
447
5455
5389
0
2905
0
1044
0
5812
4031
0
0
3222
0
0
1077
5561
4592
3469
201
5817
4680
5777
0
2788
2647
5880
0
0
4830
4987
3574
0
0
0
5825
0
819
5227
672
1930
3501
2592
6155
3731
4672
0
0
0
537
0
0
2155
0
0
406
5946
0
0
2960
2806
0
0
3647
0
0
5472
0
0
0
5923
4892
0
2695
5884
0
5657
4578
0
2209
0
1491
0
2731
3347
1850
1519
1633
1312
0
4128
779
0
2882
2511
0
0
0
0
5348
0
6124
0
575
0
0
0
2030
4258
5338
2048
1326
3854
2842
2205
0
0
4023
3727
1771
1115
0
2306
4511
1666
121
0
0
6099
0
3778
0
1264
0
0
5246
3204
6237
0
409
0
682
1025
0
0
0
2676
0
3050
2897
0
0
6113
5227
0
0
0
0
0
0
0
0
310
2259
3710
6223
0
1192
0
0
2977
0
5786
1310
164
5456
2030
136
1337
5683
5743
0
0
0
4174
0
2204
4730
6029
0
977
1461
4413
3063
0
1051
0
1737
367
1776
0
0
2168
0
6156
5962
0
1025
0
1606
0
0
2765
1041
0
5418
4458
228
0
0
0
4400
4845
0
5648
5873
2417
0
4828
795
0
5594
0
0
3732
0
2984
0
3239
3389
3947
1353
1434
114
0
1039
4632
4265
3384
6137
4566
3412
4390
5610
1380
0
5600
1543
3284
5650
0
0
1854
0
0
5999
0
0
0
1798
5397
5277
0
0
0
5344
5878
142
0
1390
4994
770
0
46
0
0
0
4557
2025
0
1311
0
0
2974
4892
3455
0
478
0
0
0
1759
4167
6007
0
0
0
0
5466
956
4580
1645
2062
2237
5848
462
4773
0
335
6129
3533
0
0
0
1542
4057
0
0
0
724
657
2238
5875
4611
2036
0
5024
5847
0
5760
4863
169
0
1626
0
0
0
1627
5769
0
0
5448
0
2225
5295
0
4408
0
482
4310
0
4720
1808
3140
5891
450
5362
2482
145
0
862
4917
0
0
0
3365
0
2291
602
3606
3025
2886
0
4999
4740
0
3860
0
357
0
987
0
5268
5187
5665
5432
1013
460
4052
0
0
3296
0
5162
5027
4736
1016
1910
5849
0
5511
0
3431
0
0
0
0
1400
3302
0
0
0
0
0
3479
2850
4012
6237
6177
5057
5317
1052
0
2916
0
0
0
5581
0
1212
0
0
0
2856
3647
0
4243
6174
0
6234
0
5465
5393
0
4023
6059
5075
5741
0
2353
4337
0
5862
1593
0
6268
0
0
0
3038
2775
3279
1627
4960
994
5804
0
5109
0
2164
0
6372
2194
4993
0
0
0
8788
0
162
2187
3962
0
0
282
1874
0
0
0
0
5683
0
6917
0
0
0
0
6986
0
0
1868
6141
304
9254
0
393
1180
7844
0
977
4679
3659
7669
6456
0
495
0
6973
9287
9120
1163
9701
0
1034
10036
8780
0
2153
2430
2577
0
8375
0
0
7165
4627
7522
7783
5697
0
0
5738
1744
5236
9786
8182
2092
1601
0
7931
3534
9757
7714
8717
2971
0
0
7876
7057
0
0
0
6002
0
9148
0
1665
8710
0
5188
7650
0
6703
887
769
0
8569
5997
2022
0
5124
9493
0
0
0
1697
0
0
0
3517
0
4486
1774
6001
7778
9062
0
8555
0
218
1799
0
3254
2289
0
0
0
0
0
7209
1702
0
1243
0
2516
0
2711
3197
0
0
0
6974
0
0
3996
0
0
2020
7863
9600
2784
0
8837
1946
0
8996
6242
0
572
9472
559
7835
1512
0
0
10085
3319
1206
1479
1139
4708
0
7968
5865
0
9650
5262
10047
0
0
0
5899
0
5071
0
8853
2590
0
0
1326
0
0
3010
3634
3289
3125
0
6382
6722
0
9190
7832
0
1376
5566
3439
1632
0
316
8363
0
0
8704
0
5772
704
6537
0
0
10182
0
0
8790
3963
2452
8745
0
4821
0
1804
0
0
9130
0
1921
0
0
3843
4333
1071
0
59
544
9952
9293
4051
0
4920
9132
0
1388
1244
0
148
263
3756
9973
156
0
3456
6122
7409
0
1520
8236
6778
3595
3613
4355
0
4292
6287
6410
9414
0
2711
5974
1371
0
4278
7267
0
0
0
2558
4244
0
3509
8281
0
9913
8142
0
0
199
4468
0
0
5084
8654
0
5535
5100
9148
5985
9940
10071
0
2471
4224
0
5273
0
9799
202
6944
8735
9096
0
0
0
0
4013
2391
0
6081
0
0
7148
0
0
3577
0
7187
7277
0
4296
0
7379
0
10112
0
9420
4555
2590
7743
9612
489
7705
0
9226
263
588
7359
1557
9652
0
0
757
0
7577
0
0
9568
7049
0
797
0
0
4749
0
0
0
6764
0
202
0
0
10874
8722
0
2091
9427
8018
0
0
0
2192
7151
7989
0
0
8196
7376
6335
0
1237
5459
4974
5113
8505
0
3082
0
0
0
0
0
0
367
0
7925
8541
7137
6584
3995
9855
0
0
10366
1551
9957
4987
5096
4005
0
0
2687
10228
4415
3660
1393
1224
2431
3346
6690
0
0
5068
3662
0
3671
0
8115
7728
5895
5289
1380
0
0
1737
0
7399
7431
2795
0
10401
8976
5773
0
0
0
3260
0
9184
6580
4983
0
0
9464
8773
8508
6030
8514
0
9856
2618
4769
0
0
3882
7574
1855
3625
7993
0
2497
6431
329
6868
7545
8972
4480
4477
2848
5448
0
10525
0
0
347
10312
0
2892
0
1653
6067
2881
0
2963
9951
0
2571
0
0
3968
3427
0
6837
0
9764
3584
0
9329
5316
0
6742
376
6823
0
0
0
0
3887
0
0
8971
5122
0
0
0
8490
2523
163
0
0
6894
4019
9821
0
9479
8827
1811
6800
1836
0
7666
0
3809
6174
7595
0
9361
8285
9438
0
5936
0
0
0
3687
0
11118
8127
2358
8792
0
3967
9130
6520
9318
0
8111
1741
9732
2093
0
7430
6144
0
7760
2094
7058
0
5205
6156
6755
3897
4154
9226
8463
1262
123
10493
10716
0
588
11044
10881
5555
0
703
4260
4452
0
2277
10654
7497
2646
0
0
9449
2715
7990
10035
0
5080
6162
7394
0
325
6327
0
4024
4614
10589
9083
0
10606
0
0
2613
2225
878
7137
10415
11123
0
3272
4040
0
7710
3011
2780
7820
9259
11430
7102
0
0
0
3434
2850
4180
6213
0
0
6435
665
0
0
0
10813
9619
5844
0
5048
7499
0
0
9852
7742
0
10166
10843
0
4293
9236
0
0
0
0
0
0
0
0
0
0
11021
3392
496
8498
7656
0
0
0
11731
0
0
0
4509
0
9352
1216
0
0
0
0
0
1360
12242
0
0
5300
9957
0
669
11259
0
4989
8206
1091
0
6808
0
10872
0
0
0
0
3625
0
0
0
3966
0
5856
0
0
0
6158
5806
8081
6351
0
3925
0
4284
0
0
0
6266
0
0
7351
10351
1406
9822
0
0
0
0
0
2054
1379
0
11815
4709
0
0
0
0
0
7221
0
0
0
4084
8620
0
245
6891
0
10611
0
0
0
3550
0
0
0
5722
0
0
6152
3474
11094
9614
4171
2075
0
0
0
0
4641
9294
10024
1198
0
9592
0
0
0
0
9361
0
208
0
12381
0
0
2857
0
0
0
0
0
0
4618
0
6577
0
7775
1848
6469
0
0
8543
0
10411
0
715
0
8824
3391
0
0
0
0
0
6328
0
0
0
0
0
0
0
0
593
0
1208
0
7694
4918
0
2326
0
0
8042
3992
0
394
0
0
4899
3645
0
7577
0
0
0
0
8320
0
0
11536
8757
0
2989
0
0
0
9857
7823
11919
0
8567
0
0
0
0
0
4691
0
0
401
0
0
5155
3250
0
5565
6281
0
4807
11089
10738
0
0
0
9939
0
0
0
0
0
0
0
11108
5499
10322
5734
0
7220
0
7443
0
0
0
3821
10462
2623
0
0
0
0
0
0
0
0
0
0
0
0
0
3423
0
9389
0
1754
0
0
0
0
9257
11751
10779
0
0
0
0
0
0
0
0
0
0
7126
5740
0
0
0
0
0
0
0
0
0
2556
0
7229
8051
0
2410
0
11446
8518
3902
0
0
4599
7090
0
0
1214
0
5027
0
0
0
0
0
0
0
0
4240
0
1439
0
0
959
3792
11743
0
0
0
0
0
8085
0
0
5960
2129
0
0
0
0
5625
0
468
11109
5430
5350
0
0
0
11531
6051
3812
5237
0
0
0
0
0
7016
0
0
0
0
190
0
9361
0
0
0
0
2014
10637
0
10105
0
0
0
6070
0
1280
0
4426
10152
0
0
0
0
6683
0
559
0
0
0
905
6982
10856
7013
0
0
0
0
0
0
10354
6141
3468
4926
0
0
371
3050
0
0
2956
0
0
0
0
3785
0
922
0
10476
249
0
11684
9167
1595
2457
0
0
3846
0
0
0
0
1266
0
0
0
0
0
0
4113
0
9399
0
0
0
6849
0
0
0
0
632
0
0
0
2430
481
0
0
0
0
0
9928
0
0
6294
0
0
3658
0
3925
2169
0
7182
2484
0
0
10527
2025
2969
1174
8419
0
0
0
0
0
0
3839
8554
10626
0
10437
0
0
0
8949
0
0
3177
8625
0
0
0
0
10797
2924
0
0
5191
8431
0
8335
10201
0
652
0
9827
0
0
9024
0
5934
0
7806
10137
0
8880
0
2052
3593
0
7392
0
0
0
2281
0
7878
0
0
0
0
3828
0
2832
0
0
0
0
0
0
0
0
11888
0
0
0
0
11764
527
0
0
0
0
10132
3138
6370
0
8977
0
857
525
9751
0
0
0
0
2240
0
0
0
0
3912
0
2853
6703
0
0
11387
0
1742
0
5767
0
0
2872
9970
7190
4513
0
0
511
5594
0
0
0
10010
5908
0
0
4437
0
0
0
0
0
0
10581
0
0
0
0
0
0
1029
0
0
0
10446
8623
0
458
1970
0
0
0
0
0
0
5883
9870
0
0
0
3630
0
4954
0
7423
0
0
7861
8527
0
0
8695
0
0
0
658
11184
0
10938
5473
0
10913
5562
0
6793
343
8780
0
1819
3152
0
0
11590
0
0
8560
0
8563
10077
0
0
0
0
0
0
0
0
2052
0
976
1187
11957
0
0
0
0
0
5920
9469
0
0
0
0
0
0
0
0
0
0
0
0
0
0
0
0
0
4558
7942
0
0
0
0
6613
0
0
0
4258
0
0
0
3784
0
0
0
679
0
11510
1196
0
0
7540
0
0
0
0
652
0
10224
0
0
0
1594
0
1509
6425
0
0
0
0
11240
11726
0
0
10080
0
0
0
0
0
3714
3351
5306
0
10693
5966
0
3017
0
5386
0
7953
9734
6318
0
0
0
1333
7013
0
1128
0
5944
0
3752
4578
7193
6927
663
0
332
0
290
7861
6303
0
7665
0
2938
0
4235
3430
0
1453
0
90
0
0
0
1015
3641
0
0
5881
0
4837
1324
0
0
0
4865
5754
6499
7257
0
0
4335
0
0
4523
1687
0
3577
0
6614
4187
4206
0
1747
1375
0
3644
745
0
5592
4190
7212
0
0
6762
0
0
4507
3961
1054
1328
7490
0
2558
1200
0
7523
1849
556
1049
0
0
0
0
620
5296
4277
0
5889
4320
0
1951
6561
3213
4334
4062
0
0
743
0
6137
1855
6395
5029
4534
5226
0
0
0
1277
0
4923
0
0
0
0
0
6403
0
0
0
0
0
6046
0
0
0
0
5943
3748
0
752
5472
0
0
0
6238
0
0
4928
0
425
2333
0
0
882
1798
0
0
0
3605
6404
3054
0
0
0
0
0
0
0
0
0
0
0
0
4164
741
0
5010
3517
0
0
1947
0
6721
0
835
1742
4480
2405
4571
0
7223
1674
0
1773
0
6266
5700
5762
240
1452
6971
0
372
0
0
0
0
2717
0
91
0
0
0
0
0
973
0
0
0
7861
0
0
0
0
925
3973
0
0
0
75
217
0
0
0
5395
2056
0
0
5539
0
4156
0
1163
834
0
6659
0
0
0
405
5725
0
0
0
0
7206
0
6208
2122
0
5534
0
0
6030
0
1055
0
3153
0
0
0
0
0
0
0
0
0
0
0
0
0
0
0
0
1845
0
0
0
1095
0
0
0
228
0
0
0
0
0
0
0
0
0
0
0
0
0
0
0
0
0
0
0
0
0
0
0
0
1521
0
0
0
0
0
0
0
0
0
0
0
0
0
0
2205
0
0
0
0
190
0
0
0
0
0
0
0
1547
0
0
0
0
0
2564
0
0
0
0
0
0
0
0
0
0
0
0
0
0
0
0
0
0
0
0
2177
0
0
1417
0
0
0
0
0
0
345
0
0
0
0
0
0
0
2327
0
0
566
0
0
0
0
0
0
0
0
0
0
0
0
0
0
0
0
0
0
0
0
0
852
0
0
0
0
0
0
0
0
0
0
0
0
0
0
0
2099
0
0
0
0
0
0
0
0
0
0
0
0
0
0
0
0
0
0
0
0
0
0
0
0
0
0
704
0
0
0
0
0
0
0
724
0
0
0
0
1703
0
440
0
0
0
0
0
0
2440
0
0
0
0
0
0
0
0
0
0
0
0
0
0
0
0
1006
0
0
0
0
0
0
0
0
0
0
0
2415
0
0
0
0
0
0
0
0
0
0
0
0
0
0
0
0
0
0
0
0
0
0
0
0
0
0
0
0
0
0
0
0
0
0
0
0
0
2373
0
0
0
0
0
1343
0
0
0
0
0
0
0
0
0
0
0
0
0
0
0
0
0
0
0
0
0
0
0
0
0
0
0
0
0
0
1236
0
0
2650
0
0
0
0
0
0
0
0
0
0
0
0
0
1518
0
0
0
0
0
2549
2551
0
0
0
0
0
0
0
0
0
0
0
717
0
0
0
0
155
0
0
0
0
0
400
0
0
0
0
0
0
0
0
0
0
159
0
0
0
0
0
0
0
0
0
0
0
0
0
0
0
0
0
0
0
0
0
0
0
0
0
0
0
0
0
0
649
0
0
0
0
0
0
0
1375
0
761
0
0
0
0
2550
0
0
0
0
0
2413
0
0
0
0
0
802
0
0
0
0
0
0
0
2191
0
0
0
0
0
0
0
0
0
0
0
0
0
0
0
0
0
0
0
0
0
1549
0
0
0
0
0
0
0
0
0
0
0
0
0
0
0
0
0
0
0
0
0
0
0
0
0
0
0
2096
0
0
0
336
0
0
0
0
0
0
0
0
0
1694
0
0
0
0
0
0
0
0
0
0
0
0
0
0
0
0
0
0
2635
0
0
0
0
0
0
0
224
0
0
0
0
0
0
732
0
0
0
0
1676
0
0
0
0
0
0
0
1578
0
0
0
0
1049
0
0
0
0
0
0
0
1856
0
0
0
0
0
0
0
0
0
0
0
0
0
0
0
0
0
0
0
0
0
687
0
0
0
0
0
0
0
0
2666
0
0
0
0
550
0
0
2309
2230
0
0
0
0
0
0
0
0
0
0
0
0
0
0
0
2548
0
0
0
0
0
0
0
1428
0
0
0
0
0
0
0
0
0
0
0
0
0
0
0
115
0
0
0
0
0
0
0
0
0
0
0
0
0
0
0
0
0
0
0
0
0
0
0
0
0
0
0
0
0
108
0
0
0
0
0
0
0
0
287
0
0
0
0
1358
0
0
0
0
0
0
0
0
455
0
0
0
0
0
0
0
0
0
0
0
1656
0
1696
0
0
0
0
0
0
2550
0
0
0
0
0
0
0
0
0
0
0
2207
0
0
0
0
2056
0
0
2421
1865
0
0
1874
0
0
0
1165
0
0
0
0
0
1761
0
0
1954
0
0
0
2731
1355
0
1963
0
0
0
0
0
0
0
1579
0
0
1726
0
0
0
0
0
0
0
0
0
0
0
0
0
0
0
0
0
0
0
0
0
0
0
0
0
0
0
0
0
0
0
0
0
0
0
0
0
0
0
0
0
0
0
0
0
0
0
0
0
0
0
0
0
0
0
0
2109
0
0
0
0
0
0
0
961
0
0
0
0
0
0
0
0
0
0
0
0
0
0
0
0
0
0
0
0
60
0
0
0
0
0
0
0
0
0
0
0
0
0
0
0
0
0
0
0
0
977
0
0
0
0
529
274
0
0
0
0
0
0
0
988
0
0
1878
0
0
0
0
0
0
0
0
0
0
0
0
0
831
2683
0
0
0
0
0
0
0
0
0
0
0
2359
440
0
0
0
0
0
901
0
0
1047
0
2277
0
0
0
0
0
0
0
0
0
2645
0
0
0
0
0
0
0
0
0
0
0
0
0
0
0
0
0
0
0
0
0
0
0
0
0
0
0
0
0
0
1407
0
0
0
0
0
0
514
0
0
0
0
0
0
0
0
0
0
1396
0
0
742
415
0
0
0
0
0
0
0
0
0
0
0
0
0
0
0
0
0
0
505
0
711
675
0
0
0
0
2190
0
0
0
0
1962
0
0
0
0
0
0
0
0
0
0
0
0
0
0
0
0
0
0
0
0
0
0
0
0
0
0
0
0
0
0
598
0
0
0
0
0
0
0
0
0
0
0
0
0
0
0
0
0
0
0
0
0
0
0
0
0
0
0
0
0
0
422
0
0
0
0
0
0
0
0
0
0
0
0
0
0
0
0
0
0
0
0
0
0
0
0
0
0
0
0
913
0
814
0
0
0
0
0
12
0
0
0
0
0
0
0
0
0
0
0
0
0
0
0
0
0
0
0
0
0
0
0
0
0
0
793
0
0
0
0
874
0
0
0
0
0
0
0
0
0
0
0
0
0
0
0
0
0
0
0
0
0
0
0
0
0
976
291
0
0
0
0
0
0
0
0
0
0
0
0
0
0
0
0
0
0
0
0
0
0
0
0
0
0
0
0
0
0
0
0
0
0
0
0
0
0
0
370
0
0
0
0
0
0
0
0
0
0
0
0
0
0
0
0
0
0
0
633
771
0
0
0
0
0
0
0
0
0
0
0
0
0
0
0
1024
0
0
0
0
0
0
0
0
0
0
0
0
0
0
0
0
0
0
0
0
0
0
565
0
0
0
0
0
0
0
969
0
0
0
0
0
0
0
0
0
0
0
0
0
0
0
0
0
0
0
0
0
0
0
0
0
0
0
0
0
0
1030
0
0
0
0
0
0
0
0
0
0
0
0
0
137
0
0
0
0
0
483
0
0
0
0
0
0
0
0
0
0
0
0
0
0
0
0
0
0
0
0
0
0
0
0
0
0
0
0
0
0
0
0
0
0
0
0
0
0
0
0
0
0
0
0
0
0
0
0
0
0
0
0
0
0
0
0
0
0
0
0
0
0
0
0
0
0
0
0
0
0
0
0
0
0
0
413
0
0
0
0
0
0
0
0
0
0
1015
0
0
0
0
0
0
0
0
0
0
0
0
0
0
0
0
0
0
0
0
0
0
961
0
0
0
0
0
0
198
0
0
0
0
0
0
0
0
0
0
0
0
0
0
0
0
0
0
0
0
0
0
0
0
0
0
0
0
0
0
0
0
0
0
0
0
0
0
0
0
0
0
0
0
0
0
0
0
0
0
0
0
0
0
0
0
0
0
0
0
0
0
0
0
0
0
0
0
479
968
0
0
0
0
0
0
0
0
0
0
0
0
0
0
0
0
0
0
0
0
0
0
0
0
956
0
0
0
0
0
0
0
0
0
0
944
0
619
0
0
0
0
0
0
0
0
0
0
0
0
0
0
0
0
0
0
0
0
0
0
0
0
0
0
0
0
0
0
0
0
0
0
0
0
0
0
0
0
0
0
0
0
0
0
0
0
0
0
0
0
0
0
0
0
0
0
0
0
0
0
0
0
0
0
0
0
0
0
0
0
0
0
0
0
0
0
0
0
0
0
0
0
0
0
0
0
0
0
0
0
0
0
0
0
0
0
0
0
0
0
0
0
0
0
0
0
0
0
0
0
0
0
0
0
0
0
0
0
395
0
0
0
415
0
0
0
0
0
0
205
0
0
0
0
0
0
0
0
0
0
0
0
0
0
0
0
0
0
0
0
0
0
0
0
0
0
0
0
0
0
0
0
0
0
0
0
0
0
0
0
0
881
0
0
0
0
0
0
0
0
0
0
0
0
0
0
0
0
0
0
0
0
0
0
0
0
0
627
0
0
0
0
0
0
881
0
0
0
0
0
0
0
0
0
0
0
0
0
0
0
0
0
0
0
0
0
0
0
34
0
0
0
0
0
0
0
0
0
0
553
0
0
0
0
0
0
0
0
0
0
0
0
0
0
0
0
0
924
0
4158
3147
0
1989
0
0
0
0
1600
1707
0
0
0
0
1593
4339
4142
0
0
1927
3803
0
0
530
993
133
0
0
0
0
1796
1304
0
1704
0
3246
315
0
0
0
1171
1641
0
0
3775
2579
0
0
0
0
1425
1358
0
3296
0
532
2139
0
0
3680
83
2948
3110
1159
3710
499
1580
0
1742
0
619
2938
4031
498
0
3741
0
0
2418
0
620
2407
1664
2355
0
0
0
2153
0
0
1994
0
0
4386
3364
0
713
0
0
4313
0
0
4180
3151
3662
2495
644
639
117
0
1056
1269
4161
2516
798
3835
2601
1967
4401
0
2203
0
3321
1497
331
0
0
869
0
0
4366
0
1293
0
0
878
482
0
1702
0
1511
2360
4159
3903
0
3760
0
1502
1477
0
1844
617
2041
4099
3807
2355
0
0
0
4401
2737
0
1238
0
1421
3571
0
3310
2021
385
0
2248
0
2171
1781
2391
0
523
0
0
1458
0
1411
1029
1515
3389
4005
791
1986
3561
2947
2147
0
0
169
2291
0
3657
2514
0
1472
1223
3052
0
0
1113
551
1059
2199
0
3610
1
0
1847
0
0
0
2045
2102
3413
3586
3940
984
2947
3470
2397
3365
0
0
1092
151
0
53
2549
0
1266
2009
0
0
143
3528
0
0
600
3919
163
2599
2255
832
2872
1381
0
0
0
4403
0
3173
1384
1178
2754
1615
3418
3834
525
1351
2015
0
0
2956
2313
0
0
3017
0
3856
4355
2052
1795
1429
0
4290
4278
144
0
0
0
1307
4115
269
0
2101
4375
0
1602
0
0
0
0
2225
2059
4312
2399
249
1571
250
82
776
0
3297
4103
0
2334
0
275
0
0
0
3769
4223
3630
733
2150
0
1515
59
0
0
0
0
224
702
57
0
1879
1708
0
4374
0
0
0
0
1717
1692
0
2187
0
0
239
612
0
3900
0
2135
0
0
0
2988
2332
2901
2565
2680
4074
197
794
2687
3228
0
1872
528
673
0
0
384
2613
582
0
4099
0
723
2805
0
284
0
2839
2303
0
790
0
2457
2661
0
0
0
0
0
0
15
2847
1561
0
2658
0
0
0
1195
2256
0
1965
3244
3954
0
4073
1322
392
1468
2805
0
0
1494
179
960
1565
3349
0
0
0
0
104
0
0
2993
686
0
531
2914
0
0
0
93
0
743
0
4294
0
1839
64
545
1246
0
0
3676
1851
0
694
1647
0
3825
1257
3394
0
1443
161
0
2233
771
0
1849
2798
1956
0
0
2739
532
501
0
337
3104
0
0
2504
4106
2851
0
0
0
1001
3974
1332
0
0
2494
1149
0
352
577
590
0
0
0
0
1721
471
0
2094
2232
3169
3582
0
1235
0
880
3634
941
4326
4293
0
0
1165
0
3652
0
0
3969
1652
0
0
422
145
0
3623
676
0
0
0
2065
3965
669
0
2875
1256
0
3750
3146
0
0
3773
3758
1296
3189
0
1565
0
1154
325
2503
0
3907
0
4028
0
1617
0
0
0
2814
1679
1846
3077
694
0
2176
178
0
666
0
0
1363
2807
2857
0
764
0
0
3508
173
1709
1798
0
0
0
910
0
4076
0
1870
0
1509
1051
0
2420
793
0
0
0
0
0
815
0
0
0
2951
1205
0
4173
810
0
2079
0
0
1237
427
0
0
1984
34
374
1189
354
0
0
3304
0
0
1303
0
2949
411
2581
1817
405
0
1792
0
4085
0
367
3371
0
464
1473
2884
2265
1737
3586
80
0
2205
0
0
242
0
1557
144
2181
0
149
2171
0
0
0
0
3298
998
965
0
0
430
2717
0
3116
2356
2633
2862
75
0
0
0
3876
497
0
3996
1646
3764
3013
0
365
3750
0
458
0
3856
1112
0
1804
4351
450
3044
1548
382
2496
0
0
2241
954
323
3503
0
0
997
0
0
336
3964
1055
3415
0
3510
422
3200
1123
1047
1034
1169
0
2880
0
0
0
0
1428
2032
482
0
48
0
1218
881
1947
760
682
0
4244
4393
632
0
0
989
0
0
0
1571
337
3963
0
1321
3147
3665
1857
3404
3436
1211
1547
0
1177
0
3626
0
0
3254
463
785
0
1931
1242
3824
3044
0
945
0
2569
2609
1787
0
0
0
3016
2676
0
0
507
0
0
676
945
1189
434
1247
0
0
0
1366
567
0
0
3374
894
0
4063
1903
4313
769
0
2895
511
2805
0
3614
455
1674
3140
1601
0
2219
3148
1876
529
0
0
2309
840
702
0
3378
0
922
1717
4328
1788
2438
3587
0
3334
470
0
1529
4109
3661
0
0
1064
1684
1294
2409
0
0
1228
0
0
0
298
3774
0
0
649
0
0
0
0
4168
0
0
3618
795
0
0
0
4025
1499
1606
630
0
4107
0
71
3557
0
1678
1024
0
0
0
31
71
43
49
12
8
0
0
68
0
94
0
0
16
90
45
46
82
48
0
96
57
44
61
0
0
71
53
99
61
0
62
67
5
0
83
89
0
0
20
3
23
17
0
78
0
10
18
83
46
29
0
0
77
5
92
0
0
0
67
0
97
71
72
51
0
49
0
85
77
0
47
41
0
0
0
0
51
0
35
37
80
97
0
0
79
78
5
61
18
0
67
0
89
10
0
4
0
0
65
56
14
91
0
51
61
0
0
72
23
0
30
7
37
96
0
0
0
62
35
75
27
0
83
25
0
68
28
7
0
30
88
0
0
60
52
0
0
95
0
72
57
53
0
37
33
35
96
51
31
0
0
0
40
0
22
54
94
0
0
0
48
0
57
22
0
0
77
0
10
0
0
24
33
19
0
5
65
0
7
96
0
0
0
0
0
0
71
74
74
0
6
0
96
0
30
12
62
3
38
42
20
26
92
50
0
42
36
0
0
0
0
83
13
33
53
0
10
93
1
26
7
36
3
77
77
0
0
50
3
0
0
0
55
79
48
0
42
0
93
61
93
46
0
41
85
95
66
12
0
0
0
0
61
59
65
0
47
0
71
0
40
4
0
55
7
0
62
0
0
98
77
60
66
73
0
33
0
0
0
54
0
52
67
10
24
52
23
70
0
0
0
73
97
37
0
0
28
9
0
38
67
55
9
10
25
17
22
11
30
6
0
0
1
80
74
31
55
0
0
0
0
0
7
0
0
0
23
0
74
60
54
6
38
59
0
0
0
25
35
25
44
5
0
0
10
66
27
0
0
15
0
0
2
76
74
51
68
0
69
0
66
0
0
74
0
88
0
74
18
10
96
5
61
96
12
0
55
68
89
0
0
60
86
17
36
68
9
10
14
0
17
72
62
5
0
0
90
0
91
88
51
54
3
69
0
13
24
68
37
33
19
33
19
0
16
57
0
26
89
0
7
0
75
17
0
45
50
26
0
74
0
77
0
0
93
0
44
0
0
67
70
0
0
0
44
98
41
1
14
89
78
16
23
0
24
0
38
12
97
33
63
54
47
0
99
90
99
0
0
88
95
20
44
0
45
24
1
35
32
79
82
0
0
71
0
18
41
0
11
28
0
72
8
13
97
14
0
0
0
0
11
19
7
30
0
16
0
0
0
43
82
0
88
30
90
77
0
29
57
86
0
5
16
0
23
23
0
0
93
0
31
69
16
69
53
22
87
15
0
13
71
0
0
69
10
0
82
0
46
0
0
52
32
0
48
11
12
0
36
0
19
48
5
92
3
0
0
0
12
57
15
19
80
0
94
46
74
92
1
51
84
0
0
27
6
0
0
7
34
37
37
22
88
0
0
71
70
40
19
94
0
55
56
36
81
80
0
0
0
45
56
70
90
0
0
56
74
84
0
13
95
52
29
0
26
0
93
0
65
66
0
35
38
22
0
0
0
83
92
0
87
0
78
31
40
10
58
0
55
12
11
48
90
51
0
0
0
0
34
54
76
0
0
0
78
95
87
0
89
0
0
0
0
0
0
0
38
18
0
81
49
97
61
0
0
0
0
47
12
0
99
82
29
0
68
14
88
0
89
85
0
6
52
0
0
0
62
56
0
0
62
10
1796
0
0
0
0
4705
0
0
0
1500
0
2414
3626
0
0
1835
1414
0
0
204
3666
1045
4646
0
3151
0
134
2552
3709
0
0
3751
1977
0
0
2447
0
3373
2498
4509
481
0
2944
0
0
3534
760
2040
0
2127
0
748
0
3960
3959
4492
4045
1302
2729
424
0
1005
1757
1726
2392
2347
3810
9
2169
3233
0
0
4362
296
1441
4447
0
3449
3254
243
2126
3120
4687
1922
3843
150
0
3180
1847
3558
2565
3548
1184
1872
4563
4076
3300
0
4143
1089
3936
662
4062
2905
0
1631
0
4693
2550
2770
0
3925
2798
4487
0
3232
4003
3263
74
0
3687
4478
0
3317
1467
0
1082
0
0
1692
0
2095
1564
2231
1190
0
0
0
0
2926
0
0
967
0
1053
250
0
0
0
0
0
0
324
4438
3990
3132
2648
0
1625
3901
0
1144
3869
2618
0
2404
0
1607
2205
0
2723
0
782
4096
0
1354
0
3709
1530
1954
0
0
362
4759
0
2268
478
0
3667
3048
7625
466
141
139
3313
0
0
6862
0
0
0
0
0
6434
0
0
0
0
0
1115
0
8710
0
5152
1522
0
8047
0
0
0
7792
5383
3881
0
1800
0
7653
3507
8199
8198
2194
7167
3244
5207
8342
1959
3669
0
0
0
0
2916
0
0
1584
1767
6448
0
2910
5165
0
3798
0
0
0
0
6682
0
0
0
8387
0
351
5357
0
3085
2268
0
0
7272
1531
2674
0
5191
0
1577
0
9172
0
0
1408
0
468
0
2884
0
3915
5452
5706
0
0
4214
7170
0
3991
0
0
0
0
0
0
6150
3675
4844
5694
1708
8700
2106
0
3635
0
7321
0
4429
0
0
6794
0
0
7507
0
6938
0
1543
6445
0
0
0
0
9211
7870
0
76
0
0
3655
0
5210
1566
0
434
4746
5741
3268
0
6649
6756
0
0
0
7763
4817
0
0
2597
0
938
0
8699
0
5133
8170
0
4660
3482
0
5286
3662
4480
0
9250
519
0
0
0
0
11
8029
0
0
1548
2719
9233
7749
0
2256
0
0
7666
595
4446
0
4657
0
0
6486
5619
3674
1795
0
9052
2560
2804
1233
0
4756
0
8051
0
6283
2642
0
3217
0
0
5348
0
7774
0
179
1687
0
3112
0
6295
0
3658
8366
5135
4840
8056
0
2027
5548
0
0
2163
6575
0
0
7851
3254
0
0
5803
2925
2185
5918
4373
0
0
0
0
5809
1166
7657
1609
0
0
4805
0
0
0
0
2241
3573
5159
0
3859
0
8943
0
0
6093
0
0
5462
0
7702
9155
0
4931
1532
5148
765
659
0
478
2157
8320
6910
3617
5327
0
0
0
0
0
0
7601
5101
0
0
0
2679
9093
7992
8461
6514
0
3146
3604
3120
3167
0
0
1841
5006
3983
4523
1729
0
6136
0
7728
8702
4385
7636
0
3286
3343
5589
0
0
0
1451
0
0
1126
0
0
419
0
1968
0
0
2611
0
6059
0
0
5707
7032
8648
0
7886
2619
6141
3429
5039
824
4173
132
0
0
5463
497
8303
8629
0
0
0
3677
2195
0
7071
6571
133
9023
0
8328
1237
0
0
1112
7783
8489
0
1447
0
4106
2721
0
1446
0
647
2422
0
376
764
3115
3585
5415
0
0
1102
0
0
0
0
1899
2580
0
0
5566
7921
0
1049
3561
0
275
9281
569
9304
4665
0
7333
7056
0
4088
0
1224
6194
5125
4569
0
0
8392
2588
664
6506
2838
8922
8496
4018
9271
6150
0
6405
0
7068
0
2947
8438
6858
0
0
0
0
0
0
0
0
0
0
117
2433
0
8311
0
0
6435
8577
6078
0
0
1550
8878
9089
3173
0
1383
3301
0
702
9170
0
0
1709
1035
887
1623
0
0
0
2555
4309
0
0
8662
7072
4210
0
7574
947
0
0
209
47
0
2813
171
0
9314
5615
7675
6256
4509
7840
4762
6080
1539
8008
0
4169
1023
2055
0
3393
0
0
7203
1017
6026
5990
1167
3350
212
1136
0
0
0
0
0
0
0
0
5285
6503
0
0
0
0
0
0
0
0
6363
4120
0
0
0
0
0
0
0
0
0
0
479
0
0
2015
1422
0
0
0
0
0
835
2204
0
0
0
0
0
0
0
0
0
0
0
1233
0
0
0
394
3767
0
0
0
0
4324
0
0
0
0
0
0
5771
0
0
0
0
0
694
0
0
0
0
0
0
5532
0
2839
0
6212
0
2486
0
3401
0
0
0
0
0
0
0
0
6820
0
0
1498
4771
0
0
0
0
0
326
0
0
0
0
2023
0
0
0
0
0
0
6054
0
0
5528
0
0
0
0
0
0
0
0
5910
0
0
0
5197
0
2031
0
1126
0
0
0
0
0
0
6443
0
0
0
0
0
0
0
0
0
0
0
0
0
0
0
1926
0
0
0
0
0
1992
5882
0
0
0
0
0
1238
4379
0
0
0
0
0
0
0
0
0
0
0
0
0
0
0
2031
0
0
5210
0
4288
0
5687
0
0
0
4861
0
0
0
0
0
0
0
0
0
0
0
873
0
1575
0
0
0
0
0
0
0
0
0
2709
0
5068
0
0
0
0
0
0
0
0
0
0
0
0
0
621
0
0
2795
1388
0
0
0
3868
0
0
0
2224
0
0
0
4759
0
1872
0
2814
0
0
0
0
0
0
3467
151
776
0
0
0
3473
4886
5432
0
0
0
0
3204
0
1678
0
0
0
0
0
0
5481
0
0
0
0
4760
5311
0
0
0
0
0
5972
90
0
0
0
0
2136
0
0
1304
0
0
2962
0
4923
0
3796
27
0
0
0
0
0
2786
6281
0
3252
4208
0
3466
0
0
6476
0
0
2035
2207
0
0
4135
0
0
0
0
1190
0
0
0
0
1278
0
0
6529
0
0
531
0
5122
0
0
0
0
0
0
4824
1330
0
346
0
2613
0
3942
0
0
2971
0
0
0
0
0
1382
8
0
0
0
0
0
0
6190
4761
0
6091
0
0
4853
0
0
2603
0
0
4880
0
0
0
0
0
0
0
0
2283
0
0
0
4483
0
0
1997
0
4280
0
1243
0
0
2173
0
0
0
0
0
0
0
0
0
0
2596
0
0
1195
0
5915
0
0
0
0
0
0
0
0
0
0
0
0
0
0
0
0
0
0
0
0
0
0
1693
0
0
0
563
0
6038
4862
0
0
3523
0
0
0
5519
0
0
0
0
3780
0
0
0
0
568
1426
0
0
0
0
0
0
0
0
50
0
0
0
0
6055
1081
4434
0
0
0
0
1293
0
0
0
0
2607
0
0
0
0
0
5381
0
0
0
0
0
0
478
0
0
0
0
0
0
0
0
0
0
0
0
1205
0
0
0
0
0
0
0
0
0
0
3659
0
0
1468
0
0
0
0
0
83
0
0
0
0
0
1306
0
0
0
0
0
0
0
6987
0
0
4101
0
0
0
0
0
2804
0
0
0
0
0
0
0
0
0
0
6235
0
0
0
0
0
0
0
0
0
0
0
0
0
0
0
0
0
2466
0
5681
2791
0
0
0
0
4827
0
3815
0
4388
0
0
0
0
4216
5957
0
661
0
6735
0
3996
0
0
3080
2680
0
0
0
461
0
0
2637
0
0
0
0
0
0
0
0
0
0
2633
0
0
0
0
0
0
0
0
5630
0
0
0
0
0
0
0
3550
0
0
0
0
4249
2534
0
0
0
4739
0
0
0
0
0
0
0
0
0
0
0
0
0
0
0
0
6878
0
1669
0
0
0
0
0
0
0
0
0
0
0
0
0
0
0
0
0
0
0
0
5679
0
0
0
0
0
0
0
0
0
0
2278
2587
0
2111
0
0
0
0
0
0
0
0
0
0
0
4021
0
2651
0
0
0
0
4800
0
5788
0
4327
6219
0
0
0
0
0
3732
0
0
0
0
0
383
0
0
5904
2567
0
0
0
0
0
0
0
0
0
0
0
0
0
0
0
0
5447
906
0
0
0
2529
0
0
912
0
0
4218
750
0
5818
2795
0
0
0
0
0
0
0
287
341
0
0
0
0
0
0
2621
0
0
0
0
0
2156
0
4470
0
0
5434
0
3693
4633
0
0
0
0
0
0
6069
0
1414
6032
0
3533
0
0
0
0
0
0
0
0
0
0
0
0
0
0
6405
0
0
0
6795
0
0
0
0
0
0
0
0
3465
3301
0
0
0
0
0
0
0
0
0
0
0
0
0
0
0
0
0
0
0
0
0
0
0
0
0
0
0
0
0
0
5812
0
0
0
2320
0
0
3671
0
0
0
6351
0
0
4269
0
0
5060
3175
0
0
0
0
5833
0
0
743
0
0
0
0
0
0
0
1359
6910
0
0
0
0
0
0
0
6123
2934
1896
3975
3733
0
0
0
5638
0
615
4439
4076
1847
0
0
4582
5906
0
0
0
0
0
0
1398
0
0
3728
4223
2371
690
3295
0
5315
0
1115
4246
0
3220
985
0
0
3159
0
0
5317
0
0
3055
7000
7190
4894
0
0
384
0
3516
1304
0
0
0
1495
0
3640
0
0
2131
0
0
3129
1832
6240
0
0
6287
2841
3548
7050
0
2653
2150
3697
3920
6880
31
0
331
3368
0
3755
1277
3395
5579
2039
0
5996
7167
0
0
0
0
3488
0
1689
2842
1178
0
4441
0
0
0
876
0
2404
1167
0
0
1798
1100
0
0
0
3164
1189
0
0
0
0
502
6620
3548
0
0
0
0
0
0
845
3678
4159
981
4731
0
2788
3379
3273
0
4256
2132
0
0
921
2016
3289
6234
5300
5860
3561
441
345
2100
0
2741
2009
0
3783
2219
3561
4602
5803
0
2001
5426
5826
0
0
0
0
0
1543
3450
5925
0
2881
0
6252
0
1252
425
0
0
0
7002
5983
0
0
5799
0
2698
2461
2711
0
5492
5316
699
329
3694
1212
2961
0
0
0
0
6767
0
0
0
0
0
0
3297
0
0
5992
0
0
2861
0
3995
5011
18
11200
0
3357
0
11412
2268
0
4535
0
12289
0
0
11589
0
0
0
5411
0
6023
5617
9119
10051
0
0
4962
0
0
0
0
0
0
0
0
0
0
1480
2835
0
0
0
13095
0
0
12244
4250
0
9911
4869
12095
0
0
0
4516
4595
0
0
7842
0
12748
0
3378
0
0
0
0
12028
12650
0
0
7485
0
12259
12631
0
0
9884
0
11224
0
0
0
824
0
0
0
5439
0
0
6923
8093
0
11471
1448
0
0
0
8108
3222
13143
0
9950
0
0
0
12227
0
10796
0
0
0
0
0
0
0
0
0
0
0
0
0
0
3639
0
0
0
8116
12539
0
1936
2113
8275
0
6523
11810
0
0
0
0
11036
0
3137
13315
0
8867
0
0
0
0
7577
6608
0
0
0
0
0
0
0
0
2692
11084
0
0
11718
0
0
9947
0
0
0
0
8573
0
5003
9297
0
0
4403
11026
4021
0
7612
5924
6062
0
0
0
401
0
0
10258
11976
0
3111
7144
0
0
0
0
11663
5771
11267
0
12215
9520
0
0
3344
3301
3288
792
8381
0
0
9526
0
0
9060
0
0
0
0
0
4782
2710
7467
5876
0
8991
6160
0
10905
2430
0
0
0
0
0
6280
11230
0
0
0
0
12269
0
9229
0
0
0
0
0
0
0
0
0
2953
8585
0
2810
0
347
1661
7175
0
0
0
4439
0
13013
0
0
8478
9886
0
0
9443
12236
0
0
0
0
5992
0
0
0
0
8447
0
0
11556
89
13182
0
9291
0
0
1028
0
7564
0
0
5228
0
0
3343
0
0
0
11405
0
13356
0
0
11008
2598
377
0
0
0
0
0
0
0
0
0
0
0
0
0
3965
13114
2960
537
339
0
10638
0
0
3519
0
10011
0
0
0
0
9630
12984
4222
3615
7631
11449
0
8275
0
3837
0
9146
0
0
12002
0
0
0
0
6405
0
2321
0
0
5810
575
0
6683
0
2236
7938
0
0
0
5636
5279
10014
5217
12105
939
0
10001
10932
3636
5101
0
0
0
0
0
1357
2818
0
12645
12406
0
4410
0
0
1080
4840
0
4189
0
0
0
0
0
0
0
2206
0
6345
6877
5020
0
0
12229
0
0
0
300
0
0
1083
0
0
11477
0
0
0
0
0
2859
0
0
0
0
0
12151
12017
10191
0
13036
0
9159
11623
12189
0
0
3088
0
0
1231
3006
0
0
0
20
6927
12584
0
0
0
7203
0
0
0
5366
0
7529
0
0
0
0
13092
1725
0
0
0
0
0
0
0
10538
0
0
0
2215
6181
0
0
11678
0
2493
0
581
2747
0
2530
6315
0
0
0
0
0
0
0
0
0
0
0
0
0
0
0
8170
0
0
0
0
0
8874
0
11719
11404
0
0
7539
12211
10201
0
0
0
2180
0
0
10455
0
0
0
0
4583
0
8682
0
6313
10757
0
0
7522
4342
0
11396
11718
0
0
0
2293
0
0
5803
0
0
0
11715
0
0
0
9348
0
9227
2506
0
1293
12972
0
0
0
0
0
0
0
9253
6049
3732
0
0
9048
0
0
0
1817
0
11765
7847
0
5725
0
0
0
0
0
0
12329
0
0
12922
4271
0
0
0
0
0
0
0
13254
4890
0
0
4047
11981
457
0
416
0
0
3497
10994
0
0
0
0
0
10912
0
3353
0
0
0
0
0
0
0
5633
12909
2498
0
8502
5375
0
9323
0
0
5313
7098
2388
675
13137
0
2823
0
0
0
0
3637
0
0
1057
4024
8288
0
9753
0
0
5619
0
0
0
6220
0
4905
11999
27
0
0
0
3415
0
0
0
5312
10747
0
13000
5048
0
6489
0
0
11466
0
0
947
0
0
1162
9358
0
0
8575
0
4120
12418
8887
0
10828
1768
0
0
5220
1084
10796
0
0
0
0
0
4180
0
0
12224
0
1669
0
2447
8809
12456
0
646
0
12790
0
0
922
13297
0
8958
8004
0
6465
0
0
0
0
0
4765
0
0
0
5738
4849
0
449
0
0
0
1370
0
0
0
0
0
0
1610
0
0
1093
3572
0
0
3220
0
0
0
0
0
0
0
0
0
0
0
0
0
0
2760
0
0
0
0
0
2604
0
3514
0
0
0
1303
0
0
0
0
0
0
3312
0
0
0
0
0
0
0
0
288
0
3090
0
0
0
0
0
0
0
0
0
0
2649
0
0
0
0
457
0
0
0
0
0
0
0
1566
2314
0
0
0
0
0
1871
0
0
0
0
0
0
0
228
0
1685
0
0
0
0
0
2294
0
0
0
0
1176
0
739
0
0
0
0
2708
0
0
0
0
0
0
0
0
0
0
0
0
0
0
0
0
0
0
0
0
0
1622
0
3556
0
0
0
0
0
0
0
0
0
0
0
0
0
0
0
0
0
0
0
0
0
0
0
0
0
0
0
0
2937
0
0
0
0
0
0
0
0
0
469
0
0
0
0
0
0
0
0
0
0
0
0
0
0
0
0
0
0
0
0
0
0
0
0
0
0
0
0
0
0
0
0
2912
0
0
0
0
0
0
0
744
0
0
0
0
0
0
181
0
0
0
0
0
0
0
0
0
0
0
0
0
0
1172
0
0
0
355
3327
0
0
0
0
0
0
0
0
0
0
0
0
927
0
0
2529
0
0
0
0
0
694
0
0
0
0
0
0
0
586
0
0
0
0
0
0
0
0
0
0
0
0
0
0
0
0
0
0
0
0
0
0
0
0
0
0
0
0
0
0
0
0
0
0
0
0
0
0
0
3535
0
0
0
0
0
0
0
0
85
0
0
0
0
0
0
0
0
0
0
0
0
0
0
0
0
0
0
0
0
0
0
0
0
0
0
0
0
0
0
0
0
2581
0
2823
0
0
0
0
0
0
0
0
0
0
1732
0
0
0
0
1028
0
0
0
2312
0
0
0
0
1169
0
0
0
0
0
0
0
0
0
0
2027
0
0
0
0
0
0
0
0
0
0
0
0
0
0
0
0
0
0
1096
1897
0
3164
0
0
0
0
0
2691
0
0
580
0
0
0
0
0
0
3412
0
3146
0
0
0
0
0
0
0
0
0
0
0
0
0
0
0
0
0
0
0
0
0
0
0
0
2765
0
0
0
0
3519
0
0
0
0
0
0
0
0
0
0
0
0
0
0
2701
0
613
0
0
0
0
0
0
0
0
0
0
0
2900
2302
0
0
0
0
0
1144
0
1562
0
0
0
0
0
2570
0
0
0
2221
702
0
868
0
0
2050
0
0
0
0
0
2113
0
0
0
0
0
0
0
0
0
0
0
0
0
0
0
0
0
0
0
0
0
3190
0
0
0
0
0
0
0
0
0
103
0
0
0
0
0
0
0
0
0
0
0
3305
0
84
2471
0
0
0
0
0
0
0
0
0
0
0
0
253
0
0
0
0
0
0
0
0
933
0
0
0
0
0
0
0
0
0
0
0
0
0
0
0
0
0
0
0
0
0
0
0
0
0
3221
0
593
0
0
0
3159
0
0
0
0
0
1397
0
0
0
0
0
0
0
0
0
0
0
0
0
0
0
0
0
349
0
0
0
0
0
0
0
0
0
0
0
0
0
0
0
0
0
0
0
2631
0
0
0
0
0
0
0
0
0
0
0
0
0
1800
0
0
0
0
0
0
0
0
0
0
0
0
0
0
0
0
0
0
0
0
0
2024
0
0
0
0
0
0
0
0
0
0
0
0
0
0
0
0
0
0
393
1842
0
0
0
0
0
0
0
565
0
0
0
0
0
0
0
0
0
0
968
0
0
0
518
0
0
0
0
0
0
0
0
0
0
0
0
0
1360
848
0
0
0
0
0
2114
0
0
0
0
0
0
0
3018
0
0
0
0
0
0
0
0
2803
0
0
0
0
2720
3161
0
0
1549
0
0
0
0
0
0
0
0
0
0
0
0
0
0
0
0
0
0
0
0
0
0
0
0
0
0
0
0
0
0
2862
0
0
0
0
0
0
0
0
0
0
0
0
0
0
0
0
0
0
0
0
0
0
0
0
0
0
0
514
0
0
0
2187
2763
0
13854
8419
257
0
0
0
2246
13888
0
9391
6489
6565
0
0
12889
0
0
6002
8386
5331
6224
0
263
0
0
14325
10081
0
8720
0
0
14626
9077
0
0
1218
454
0
7121
0
15023
13871
12772
6019
6531
0
0
0
307
0
2214
15098
0
7480
0
0
2
0
8536
0
0
10640
734
0
3273
12851
5555
6511
0
2032
0
6470
0
1298
0
7062
0
2035
0
3371
10662
0
14808
0
0
0
12692
0
5863
0
14089
0
0
0
14987
0
0
8134
5162
10872
0
0
2547
0
0
0
9644
0
0
7854
14218
0
13351
0
0
0
0
9775
0
0
0
3406
0
0
0
0
9877
0
0
0
235
10980
0
10515
7514
0
7420
14752
0
0
12962
601
0
0
0
0
0
10378
0
10297
4332
11034
13934
13929
7916
8796
15123
0
10275
0
0
0
6557
443
14596
0
1327
13268
2230
12173
12995
0
0
10044
0
0
13552
0
0
12666
0
942
11528
0
0
955
14386
0
0
0
0
0
6052
4492
8169
2566
12225
0
1947
0
0
12905
0
9881
14487
5535
0
10096
0
424
0
0
0
0
12366
14433
14558
13297
13040
0
0
0
0
0
14186
8130
0
4812
0
0
11974
0
2291
5612
0
0
7385
0
0
0
0
2580
9043
11207
0
0
0
1965
4906
2866
1997
1879
0
0
0
0
8008
3093
4078
0
0
11488
0
0
14406
0
6867
4138
0
0
11025
13209
2470
11904
10526
9013
0
0
0
2762
4050
5446
13169
0
1772
10486
0
0
0
0
4343
9705
7412
13085
0
0
14740
0
0
0
14199
6295
11011
3275
11517
2485
0
0
0
0
12976
0
0
12789
13957
0
13546
0
0
14143
14112
5682
11833
4689
0
9225
0
5004
0
0
6694
0
0
4041
0
0
0
2684
0
0
0
9982
13361
0
14594
5383
5553
14250
0
0
11799
0
10278
4491
15315
13788
4316
0
0
11620
0
0
0
14436
0
9699
0
10769
0
0
0
6907
9659
0
8612
0
0
0
0
4323
0
4821
13989
0
829
9762
6154
0
1757
14089
5437
15081
9152
0
7462
15492
4919
0
8123
14842
4609
0
0
0
9918
14882
0
0
11430
8562
3823
15079
0
12818
0
0
7612
5309
7145
13133
0
0
0
0
15357
13420
3372
3866
0
0
31
4113
860
11779
5799
96
0
5105
1282
15140
2929
0
0
14273
0
0
6454
0
9741
0
10913
0
8577
4129
0
0
0
0
2325
0
10029
2159
12419
0
14835
10460
9388
15502
0
14790
0
0
0
0
5227
0
13035
551
14246
6801
11927
10018
10715
0
0
0
0
0
6816
1847
0
0
0
0
7184
13862
0
0
1926
0
0
8660
3594
3065
0
12417
4581
2820
0
11151
13338
14471
11714
0
831
13206
15454
6543
3212
86
14700
8383
818
0
1220
10706
0
5688
3117
14274
10973
0
0
0
0
15481
0
0
0
1247
1740
7403
527
10895
0
0
9332
0
6566
0
14192
14849
0
12478
15029
9975
3439
15170
9540
1853
0
0
0
0
1245
0
11772
4367
0
0
4502
2796
5322
0
144
4402
0
0
0
0
7859
0
4971
0
0
8444
0
4767
15162
4499
0
