6
40
30 -100 -90 -20 -30 -20 -50 -80 -50 -100 40 -40 -30 -60 -100 -50 -50 -90 -20 -80 80 -10 -50 -50 -60 -10 -100 -20 -20 -50 100 -90 -90 -20 -10 -90 -100 -70 -30 -20 
50
90 -70 -90 -40 -30 -40 -80 -10 -90 -20 30 -80 -10 -10 -60 -80 -20 -70 -90 -30 30 -10 -20 -70 -10 -90 -50 -80 -60 -20 80 -60 -40 -20 -40 -50 -10 -80 -100 -30 40 -60 -60 -90 -10 -50 -50 -10 -80 -80 
80
50 -100 -20 -30 -20 -20 -60 -40 -100 -30 10 -80 -80 -90 -70 -100 -20 -10 -90 -20 90 -30 -30 -80 -90 -60 -90 -100 -30 -40 80 -100 -30 -60 -70 -70 -20 -70 -30 -60 40 -100 -60 -20 -10 -20 -80 -100 -20 -50 30 -30 -80 -80 -50 -10 -30 -100 -80 -50 80 -50 -40 -70 -30 -70 -90 -50 -60 -100 90 -50 -20 -50 -40 -80 -80 -50 -20 -60 
40
50 -30 -70 -40 -50 -10 -80 -10 -100 -90 10 -100 -90 -20 -70 -40 -100 -10 -80 -40 70 -10 -70 -100 -40 -50 -40 -80 -70 -40 10 -40 -80 -50 -100 -100 -80 -100 -80 -100 
60
50 90 100 80 20 20 80 80 30 20 60 20 100 20 20 50 20 90 10 30 50 100 20 90 100 50 100 20 50 90 70 80 90 60 90 10 60 90 60 80 40 50 60 100 20 20 40 20 10 80 60 10 100 30 80 80 30 70 20 80 
90
100 -60 -70 -10 -60 -10 -60 -70 -80 -80 100 -100 -80 -100 -60 -20 -10 -60 -10 -30 100 -10 -50 -10 -30 -40 -90 -10 -90 -40 100 -10 -90 -80 -10 -20 -40 -50 -70 -10 60 -70 -20 -70 -40 -40 -80 -60 -50 -90 60 -30 -90 -40 -50 -100 -10 -70 -40 -70 20 -50 -80 -100 -50 -30 -50 -20 -90 -50 10 -100 -40 -10 -80 -20 -100 -50 -20 -80 80 -10 -10 -20 -10 -30 -40 -40 -70 -10 
