7
70
80 -50 -20 -80 -90 -60 -90 -80 -10 -50 100 -20 -30 -30 -40 -90 -50 -50 -10 -90 90 -70 -10 -10 -90 -80 -50 -50 -80 -20 60 -100 -10 -90 -30 -100 -40 -70 -10 -20 20 -90 -80 -40 -30 -50 -60 -100 -30 -90 50 -40 -70 -30 -50 -20 -40 -50 -50 -100 30 -20 -90 -40 -80 -20 -70 -20 -20 -50 
80
70 -50 -50 -40 -40 -100 -100 -100 -10 -40 80 -100 -30 -90 -40 -70 -100 -50 -40 -10 80 -100 -90 -90 -60 -60 -40 -20 -10 -50 50 -100 -40 -30 -60 -80 -30 -100 -70 -10 10 -30 -100 -30 -60 -90 -80 -50 -30 -50 10 -20 -20 -30 -50 -10 -100 -70 -10 -10 10 -70 -80 -50 -100 -20 -40 -70 -30 -30 30 -80 -60 -50 -50 -40 -20 -70 -40 -20 
20
100 -50 -70 -90 -10 -40 -80 -10 -60 -50 70 -90 -20 -10 -60 -80 -50 -80 -30 -90 
30
70 -70 -50 -40 -50 -80 -10 -40 -40 -100 10 -100 -60 -50 -50 -90 -100 -40 -20 -20 20 -60 -40 -100 -60 -90 -40 -30 -70 -20 
60
30 90 60 20 80 40 50 100 90 90 50 70 60 50 70 10 10 30 40 70 10 10 80 100 20 100 40 50 50 90 50 70 40 40 100 20 60 90 30 50 50 50 20 90 30 70 10 10 40 100 60 30 100 50 80 80 10 50 40 90 
50
100 -40 -30 -70 -20 -90 -80 -100 -60 -30 40 -40 -70 -30 -70 -90 -50 -90 -70 -30 70 -40 -60 -10 -20 -20 -80 -60 -70 -90 100 -90 -80 -70 -70 -20 -30 -30 -30 -20 20 -10 -60 -100 -10 -40 -70 -50 -60 -30 
80
90 -100 -30 -10 -70 -70 -20 -90 -50 -30 60 -10 -60 -30 -50 -80 -40 -10 -70 -100 20 -90 -70 -100 -30 -70 -20 -80 -100 -100 100 -70 -20 -10 -90 -20 -50 -80 -40 -90 20 -80 -30 -90 -90 -60 -20 -60 -10 -60 30 -60 -10 -100 -40 -80 -30 -30 -10 -20 60 -40 -30 -70 -40 -20 -20 -20 -30 -90 10 -50 -20 -70 -80 -30 -10 -70 -60 -80 
