8
80
90 -40 -80 -50 -100 -100 -20 -50 -60 -60 70 -10 -40 -30 -100 -10 -60 -100 -40 -60 10 -60 -40 -50 -40 -80 -20 -50 -80 -50 80 -70 -20 -40 -30 -30 -50 -90 -80 -30 90 -30 -100 -30 -50 -70 -30 -60 -100 -10 30 -50 -100 -50 -70 -60 -10 -40 -30 -40 30 -80 -10 -10 -80 -90 -30 -60 -100 -30 10 -50 -80 -40 -20 -30 -80 -70 -60 -40 
70
100 -60 -10 -100 -70 -70 -80 -40 -70 -30 30 -30 -80 -60 -10 -100 -20 -90 -50 -90 30 -90 -40 -60 -40 -80 -90 -40 -80 -70 90 -10 -30 -50 -100 -10 -60 -90 -60 -50 10 -40 -100 -100 -40 -70 -30 -60 -40 -70 60 -70 -60 -90 -20 -10 -20 -30 -70 -80 40 -90 -100 -60 -10 -20 -70 -80 -30 -40 
80
80 -90 -100 -50 -80 -50 -50 -80 -100 -40 40 -60 -30 -90 -20 -50 -50 -90 -10 -60 30 -60 -90 -30 -20 -60 -40 -70 -100 -20 40 -70 -40 -10 -40 -10 -70 -30 -10 -50 70 -10 -60 -10 -60 -90 -30 -70 -70 -100 60 -80 -100 -90 -70 -30 -60 -20 -10 -40 100 -50 -40 -40 -10 -30 -30 -20 -10 -50 30 -40 -70 -40 -20 -90 -80 -20 -80 -100 
20
90 -90 -40 -60 -40 -90 -70 -10 -40 -10 60 -100 -70 -100 -40 -90 -90 -10 -10 -80 
70
40 90 10 30 30 40 20 90 30 80 10 90 10 60 20 20 100 30 30 70 20 50 60 10 80 80 50 40 10 80 100 60 50 30 50 90 10 80 10 80 70 70 40 70 60 30 30 10 10 100 20 40 90 70 50 30 50 80 50 100 60 100 10 20 80 10 70 20 30 10 
90
80 -90 -60 -50 -80 -90 -90 -40 -100 -90 20 -100 -100 -40 -70 -90 -10 -50 -90 -10 80 -80 -90 -50 -50 -80 -30 -100 -40 -60 30 -80 -10 -90 -10 -80 -90 -30 -20 -30 50 -40 -10 -50 -30 -70 -80 -40 -100 -80 10 -80 -40 -100 -50 -90 -70 -10 -80 -80 80 -40 -90 -50 -100 -80 -50 -10 -90 -80 40 -100 -60 -100 -20 -80 -50 -100 -60 -90 70 -40 -80 -50 -50 -10 -10 -60 -10 -20 
40
50 -90 -10 -90 -100 -20 -70 -90 -50 -30 10 -50 -50 -60 -30 -10 -20 -70 -40 -60 30 -60 -20 -100 -60 -100 -50 -20 -40 -70 100 -50 -60 -90 -60 -10 -10 -90 -60 -90 
60
10 -70 -100 -90 -20 -70 -80 -50 -50 -40 100 -80 -80 -70 -10 -70 -80 -10 -40 -90 90 -30 -50 -10 -40 -60 -70 -10 -60 -40 90 -40 -60 -20 -80 -30 -30 -60 -70 -30 100 -50 -40 -30 -70 -100 -10 -80 -80 -100 60 -60 -70 -20 -80 -60 -90 -80 -10 -70 
