9
80
30 -10 -50 -50 -30 -30 -80 -60 -60 -30 50 -30 -20 -90 -30 -30 -40 -10 -30 -80 60 -30 -40 -60 -20 -60 -100 -30 -70 -40 70 -80 -50 -100 -70 -50 -80 -30 -70 -90 40 -10 -90 -60 -60 -50 -100 -40 -20 -40 40 -100 -50 -60 -80 -70 -30 -70 -80 -50 30 -80 -40 -90 -20 -80 -10 -100 -30 -30 80 -70 -50 -50 -50 -90 -30 -30 -50 -100 
30
10 -30 -40 -70 -20 -90 -30 -40 -100 -50 100 -50 -10 -10 -100 -40 -10 -20 -40 -80 80 -60 -10 -60 -40 -90 -70 -30 -40 -60 
60
40 -10 -30 -10 -50 -10 -50 -40 -50 -70 30 -90 -60 -70 -70 -70 -60 -10 -90 -20 70 -90 -50 -80 -30 -80 -20 -90 -10 -100 100 -20 -30 -90 -70 -80 -80 -90 -30 -40 100 -60 -10 -30 -40 -60 -90 -50 -40 -100 30 -10 -40 -10 -80 -50 -50 -80 -80 -10 
20
10 -70 -90 -100 -80 -80 -70 -80 -50 -30 70 -30 -100 -100 -40 -30 -90 -100 -100 -10 
80
90 20 30 30 80 100 40 20 70 50 100 40 20 60 90 20 50 10 60 50 40 30 100 10 60 70 30 20 10 90 90 40 30 70 30 60 60 10 100 20 80 10 50 70 60 50 100 70 10 80 20 20 80 80 70 80 70 50 60 30 10 10 50 30 20 50 20 50 30 30 70 10 40 30 10 40 80 30 30 40 
30
10 -10 -20 -20 -60 -80 -70 -100 -60 -60 100 -80 -80 -90 -70 -30 -30 -70 -30 -50 30 -20 -90 -30 -90 -60 -100 -70 -90 -100 
100
80 -90 -10 -70 -90 -30 -80 -60 -10 -50 30 -100 -10 -50 -40 -80 -10 -10 -70 -90 70 -40 -70 -40 -70 -80 -40 -70 -80 -10 60 -100 -70 -20 -20 -60 -20 -90 -40 -100 30 -10 -60 -50 -50 -80 -60 -50 -90 -100 60 -10 -90 -20 -50 -70 -90 -70 -50 -70 100 -100 -30 -100 -60 -30 -60 -70 -40 -100 100 -30 -90 -40 -80 -10 -50 -40 -100 -100 100 -20 -80 -10 -50 -30 -50 -100 -100 -50 20 -70 -50 -40 -70 -20 -40 -90 -70 -40 
40
70 -70 -70 -40 -30 -10 -90 -80 -60 -100 70 -90 -100 -40 -10 -40 -10 -70 -10 -100 60 -30 -10 -100 -20 -80 -80 -40 -20 -90 40 -50 -90 -70 -60 -70 -100 -40 -60 -50 
100
100 -50 -60 -40 -30 -80 -70 -20 -50 -30 40 -90 -40 -20 -50 -70 -60 -80 -30 -90 80 -10 -70 -50 -80 -30 -40 -100 -10 -60 10 -90 -40 -60 -20 -50 -50 -50 -10 -80 10 -70 -40 -80 -70 -80 -80 -50 -10 -50 80 -90 -30 -50 -50 -70 -80 -30 -80 -40 20 -50 -80 -100 -100 -50 -50 -60 -30 -60 70 -70 -50 -70 -80 -100 -20 -10 -30 -50 50 -20 -90 -60 -100 -70 -80 -70 -100 -100 10 -80 -30 -40 -50 -10 -10 -60 -50 -30 
