5
90
90 -90 -100 -30 -60 -80 -50 -80 -60 -50 40 -60 -50 -50 -70 -100 -30 -20 -80 -100 100 -90 -90 -70 -30 -70 -60 -50 -90 -90 10 -80 -30 -100 -90 -90 -80 -100 -60 -70 40 -40 -20 -60 -60 -40 -80 -80 -30 -30 50 -60 -50 -10 -100 -40 -30 -10 -70 -70 60 -30 -10 -60 -60 -50 -20 -70 -50 -30 80 -20 -60 -30 -80 -100 -50 -40 -50 -10 70 -100 -90 -60 -70 -90 -50 -50 -90 -30 
30
80 -100 -20 -70 -40 -40 -70 -100 -90 -30 50 -10 -80 -10 -70 -100 -40 -40 -100 -80 50 -60 -40 -90 -60 -70 -80 -60 -30 -10 
10
80 -10 -30 -100 -70 -90 -40 -70 -70 -10 
10
10 -100 -60 -50 -20 -100 -100 -40 -80 -70 
80
20 20 30 90 40 90 20 90 50 40 100 60 40 10 90 80 30 10 10 50 40 100 40 100 10 100 60 50 80 90 100 80 100 80 30 50 50 40 10 70 50 30 70 70 30 80 70 20 20 70 40 50 60 100 50 100 100 30 60 80 30 30 70 90 60 50 20 60 100 70 70 70 80 10 50 10 50 80 80 100 
