10
80
100 -50 -50 -100 -70 -20 -90 -70 -20 -90 40 -70 -10 -10 -30 -20 -10 -50 -20 -10 10 -70 -60 -70 -80 -60 -70 -70 -100 -70 70 -50 -50 -20 -30 -50 -70 -60 -70 -100 40 -80 -30 -80 -40 -40 -10 -70 -20 -30 80 -50 -40 -40 -100 -90 -90 -20 -20 -100 60 -80 -20 -90 -20 -90 -80 -50 -100 -90 10 -30 -90 -20 -10 -60 -40 -80 -70 -90 
80
40 -30 -20 -40 -50 -50 -30 -20 -10 -70 100 -10 -90 -10 -60 -50 -20 -90 -50 -80 100 -60 -30 -50 -70 -100 -80 -30 -20 -60 70 -90 -20 -100 -80 -100 -40 -80 -20 -80 40 -30 -70 -60 -60 -30 -20 -70 -50 -20 80 -100 -90 -100 -50 -60 -90 -20 -70 -30 90 -80 -50 -50 -70 -20 -60 -60 -50 -100 70 -20 -100 -70 -80 -20 -10 -20 -10 -90 
70
60 -40 -60 -40 -40 -90 -20 -40 -60 -30 50 -50 -60 -10 -100 -70 -100 -50 -40 -40 100 -40 -60 -70 -50 -100 -30 -30 -30 -90 10 -40 -10 -50 -100 -50 -10 -70 -10 -50 70 -90 -40 -60 -40 -60 -40 -10 -50 -30 60 -30 -70 -40 -40 -30 -100 -50 -20 -90 10 -100 -10 -80 -90 -40 -80 -30 -80 -60 
70
30 -90 -100 -80 -10 -50 -90 -70 -60 -60 60 -80 -90 -70 -80 -60 -100 -100 -40 -80 30 -60 -80 -40 -30 -90 -80 -60 -70 -100 30 -80 -20 -100 -20 -100 -20 -30 -70 -30 60 -50 -70 -100 -70 -30 -100 -80 -50 -70 80 -50 -10 -30 -70 -50 -80 -20 -80 -40 10 -20 -90 -20 -20 -50 -80 -80 -10 -90 
80
20 50 70 70 100 50 50 90 10 90 40 10 60 50 20 70 60 80 20 40 80 10 30 80 30 90 10 80 60 20 20 40 20 10 90 50 80 50 40 30 70 20 40 10 70 80 40 30 60 70 10 50 30 30 10 90 20 100 80 100 40 20 60 70 60 70 80 70 10 60 40 70 80 60 70 70 60 70 50 60 
10
30 -60 -80 -70 -40 -30 -70 -10 -50 -10 
60
40 -20 -40 -40 -60 -80 -90 -10 -10 -40 70 -60 -90 -90 -90 -40 -40 -70 -60 -90 10 -60 -70 -10 -90 -100 -50 -100 -80 -20 30 -10 -100 -80 -60 -50 -60 -40 -50 -70 10 -70 -30 -100 -80 -40 -70 -70 -70 -70 60 -80 -20 -50 -30 -30 -40 -10 -60 -70 
90
80 -30 -50 -100 -100 -10 -100 -40 -70 -10 30 -60 -20 -50 -100 -10 -30 -10 -100 -100 40 -60 -70 -100 -70 -90 -60 -80 -20 -80 20 -40 -40 -20 -40 -70 -80 -30 -60 -80 70 -10 -30 -100 -70 -10 -90 -80 -60 -40 10 -50 -10 -50 -50 -90 -20 -100 -30 -10 20 -60 -90 -90 -20 -100 -70 -10 -70 -50 90 -60 -90 -100 -70 -10 -70 -70 -50 -80 60 -80 -20 -10 -10 -90 -90 -10 -20 -70 
30
40 -70 -30 -90 -100 -40 -10 -90 -50 -80 40 -20 -100 -10 -60 -10 -80 -60 -70 -100 70 -80 -10 -70 -100 -30 -70 -20 -40 -50 
50
40 60 90 10 40 100 90 80 40 60 30 30 60 10 10 20 90 100 80 100 40 70 100 70 80 40 50 30 80 90 80 50 20 70 30 10 20 10 30 30 10 80 20 10 70 30 60 20 60 30 
