10
10
70 -40 -80 -50 -20 -80 -20 -50 -60 -60 
10
80 -60 -70 -70 -50 -40 -90 -40 -70 -80 
10
70 -30 -90 -90 -80 -70 -60 -20 -30 -20 
80
40 -70 -30 -90 -40 -40 -10 -10 -90 -40 70 -70 -20 -30 -50 -60 -30 -40 -70 -30 60 -30 -20 -100 -50 -90 -10 -80 -100 -10 60 -50 -70 -60 -30 -20 -50 -40 -10 -10 10 -40 -20 -90 -30 -40 -60 -40 -10 -30 90 -10 -30 -40 -50 -20 -70 -60 -90 -60 20 -10 -10 -100 -30 -90 -50 -50 -90 -50 90 -40 -70 -90 -90 -20 -100 -60 -70 -90 
20
60 10 80 100 10 80 50 90 20 10 100 40 100 10 100 80 50 100 100 100 
90
80 -40 -70 -80 -80 -20 -60 -10 -70 -50 40 -80 -40 -60 -40 -50 -90 -30 -10 -100 40 -100 -10 -90 -30 -10 -60 -40 -70 -100 70 -70 -20 -70 -60 -50 -40 -50 -50 -80 40 -70 -90 -70 -30 -10 -90 -50 -40 -50 100 -50 -70 -80 -20 -10 -20 -10 -30 -40 60 -30 -80 -10 -70 -30 -80 -70 -80 -100 50 -20 -10 -60 -20 -100 -50 -50 -90 -60 40 -20 -40 -80 -80 -70 -100 -20 -20 -100 
10
60 -20 -40 -70 -20 -100 -50 -30 -40 -90 
30
30 -40 -10 -40 -10 -50 -90 -50 -10 -50 100 -100 -50 -10 -50 -90 -30 -90 -20 -100 70 -50 -60 -50 -50 -30 -70 -10 -100 -30 
90
50 -10 -10 -20 -50 -80 -90 -50 -30 -100 100 -90 -60 -80 -20 -50 -60 -30 -40 -30 50 -40 -70 -40 -30 -10 -70 -80 -70 -90 90 -100 -90 -10 -30 -30 -100 -90 -100 -30 60 -10 -20 -90 -100 -70 -40 -80 -20 -20 70 -30 -70 -20 -90 -20 -40 -10 -90 -50 40 -60 -60 -100 -90 -60 -40 -30 -100 -90 10 -80 -10 -20 -80 -30 -80 -70 -10 -20 90 -70 -50 -30 -70 -30 -30 -90 -80 -70 
40
30 60 60 40 50 10 40 10 100 10 70 30 30 90 70 70 10 40 100 40 90 30 50 90 80 80 60 20 100 30 40 50 10 70 40 20 90 90 20 80 
