9
100
90 -40 -100 -90 -80 -60 -60 -40 -80 -80 20 -40 -40 -10 -60 -20 -50 -20 -80 -50 60 -20 -70 -50 -90 -20 -80 -70 -40 -100 60 -30 -90 -30 -70 -50 -50 -100 -30 -60 80 -90 -50 -100 -100 -100 -70 -100 -100 -20 100 -10 -90 -20 -100 -50 -10 -10 -60 -100 80 -60 -20 -20 -70 -100 -50 -20 -10 -40 80 -20 -60 -70 -10 -10 -30 -80 -60 -60 90 -30 -80 -30 -70 -100 -30 -70 -80 -20 50 -100 -30 -30 -80 -30 -100 -80 -40 -30 
20
50 -20 -100 -70 -50 -70 -20 -40 -20 -80 100 -50 -50 -60 -20 -70 -30 -40 -70 -80 
100
100 -30 -30 -60 -80 -40 -60 -50 -60 -80 60 -20 -90 -70 -90 -50 -40 -30 -100 -20 20 -100 -90 -40 -10 -90 -20 -80 -80 -40 70 -60 -40 -10 -40 -10 -30 -30 -10 -80 50 -40 -30 -90 -40 -30 -100 -80 -100 -40 50 -10 -90 -40 -90 -30 -100 -20 -20 -80 90 -100 -20 -10 -80 -20 -90 -10 -100 -20 40 -60 -100 -30 -80 -70 -60 -60 -30 -70 30 -90 -90 -20 -50 -10 -50 -40 -70 -50 90 -60 -60 -90 -20 -40 -100 -20 -10 -80 
70
30 -60 -40 -20 -70 -50 -70 -90 -40 -20 90 -20 -80 -80 -20 -60 -70 -30 -40 -70 60 -50 -40 -60 -70 -20 -80 -80 -30 -20 70 -40 -70 -50 -90 -70 -90 -100 -60 -40 30 -90 -70 -60 -90 -80 -100 -50 -10 -20 100 -90 -50 -10 -50 -50 -100 -10 -90 -90 30 -20 -80 -70 -40 -90 -30 -90 -30 -20 
50
100 90 50 20 100 60 20 80 90 20 50 50 90 30 10 70 100 10 90 60 20 60 50 80 20 50 90 10 60 60 40 10 50 80 60 90 100 20 30 70 100 40 100 100 50 100 70 100 100 70 
20
40 -90 -70 -30 -20 -70 -50 -50 -50 -30 60 -60 -90 -80 -90 -60 -90 -30 -10 -10 
90
50 -70 -50 -80 -100 -30 -100 -50 -30 -100 100 -80 -70 -20 -90 -40 -100 -70 -70 -80 100 -60 -60 -70 -80 -40 -80 -100 -40 -10 100 -80 -30 -90 -40 -20 -50 -60 -60 -70 70 -50 -40 -50 -30 -40 -80 -50 -90 -80 50 -100 -30 -20 -70 -80 -70 -30 -60 -30 70 -80 -50 -70 -100 -60 -60 -10 -10 -80 60 -60 -90 -80 -90 -60 -20 -60 -20 -50 80 -80 -100 -100 -90 -20 -10 -50 -30 -100 
50
40 -80 -20 -20 -10 -50 -30 -30 -50 -30 50 -50 -20 -100 -10 -10 -80 -20 -80 -30 70 -40 -20 -30 -90 -30 -60 -60 -30 -50 70 -10 -30 -100 -50 -10 -100 -50 -20 -50 10 -90 -100 -100 -40 -10 -80 -60 -90 -30 
100
10 -10 -40 -70 -80 -30 -30 -40 -70 -10 60 -60 -100 -50 -40 -90 -30 -80 -40 -60 30 -60 -70 -30 -30 -60 -10 -50 -50 -20 60 -70 -50 -20 -10 -10 -30 -70 -30 -30 60 -20 -90 -10 -50 -70 -70 -80 -20 -60 40 -30 -20 -90 -20 -70 -60 -10 -60 -60 100 -50 -20 -20 -20 -30 -90 -10 -40 -10 40 -80 -70 -50 -50 -60 -40 -30 -90 -90 20 -20 -100 -100 -20 -50 -90 -80 -10 -70 80 -10 -10 -80 -60 -50 -80 -50 -70 -10 
