6
60
70 100 90 100 10 70 70 70 60 50 80 40 100 40 50 40 90 10 20 50 50 70 60 90 70 60 90 10 10 90 90 90 40 90 10 20 80 90 30 70 100 100 30 100 60 90 10 40 30 30 10 70 40 60 60 60 100 40 30 20 
70
40 20 50 100 90 10 70 40 30 50 80 10 20 50 20 10 10 20 70 80 90 20 30 60 90 30 100 100 90 10 100 80 70 20 10 10 80 70 70 80 60 10 80 60 20 50 30 10 50 10 70 30 10 20 40 100 30 100 20 70 30 70 10 10 30 10 60 50 10 60 
90
80 40 60 70 40 20 60 100 30 70 20 70 90 30 30 90 30 30 70 30 80 70 90 50 100 40 70 10 30 20 50 50 30 10 20 20 90 30 80 20 70 60 90 30 90 30 90 90 90 90 40 60 80 50 40 70 10 20 60 80 60 60 40 30 100 70 40 30 100 10 50 30 60 70 40 40 100 70 90 90 80 80 20 60 70 80 90 100 50 50 
10
40 10 50 90 80 90 60 60 30 100 
10
60 100 50 20 100 10 20 30 30 90 
20
70 30 40 80 80 100 100 10 30 40 70 40 80 20 90 20 40 100 90 70 
