10
70
100 100 70 20 70 70 20 80 100 50 10 80 60 60 30 70 80 40 20 50 40 90 70 10 100 100 90 10 40 100 80 80 40 20 70 40 70 80 60 40 20 70 90 10 10 10 100 80 20 30 40 70 30 80 70 10 30 80 50 50 30 100 70 40 50 60 50 40 30 80 
60
10 70 50 70 20 10 20 100 80 20 40 30 40 90 90 20 90 70 80 100 60 70 50 60 90 90 80 50 10 80 30 30 80 60 80 20 60 40 60 90 90 10 30 20 50 30 100 60 90 100 70 90 10 90 100 10 50 30 80 100 
70
20 20 70 70 40 70 100 30 70 70 20 70 70 50 70 70 30 90 50 30 70 20 40 10 90 80 30 50 70 70 100 40 70 40 100 60 10 20 50 10 30 50 10 50 60 90 40 30 80 40 10 40 70 40 40 90 60 90 60 70 20 80 10 100 20 50 30 60 60 60 
70
70 40 50 40 80 80 50 30 30 100 90 70 100 70 30 60 40 90 30 50 40 60 40 10 60 60 20 30 100 10 10 40 10 60 80 30 20 80 60 60 30 80 20 80 30 20 90 30 70 50 90 80 20 60 100 20 70 50 40 40 90 10 100 40 30 60 70 20 10 80 
30
90 10 60 70 80 60 50 70 80 50 50 60 90 50 90 20 80 30 90 70 50 30 80 80 10 100 60 90 50 100 
70
100 20 50 90 100 100 90 50 20 10 30 80 30 30 80 100 40 30 60 70 10 60 40 50 90 90 60 10 100 80 70 70 60 80 70 80 40 80 40 60 70 30 100 50 50 80 90 40 90 20 100 30 90 90 60 90 20 100 80 90 40 10 40 70 90 10 50 40 60 60 
40
70 100 100 40 70 20 70 10 50 40 30 40 20 100 100 90 30 10 30 80 60 40 100 20 60 40 20 100 80 40 40 20 80 100 90 10 70 80 20 60 
40
50 30 80 100 90 10 100 20 10 40 40 90 90 20 50 70 80 10 50 30 70 100 20 50 80 100 30 90 100 100 80 30 30 50 80 30 10 40 90 80 
30
50 10 90 50 30 30 10 70 50 100 50 40 40 80 70 40 20 30 40 50 30 20 30 30 90 50 60 60 40 20 
40
70 60 70 20 90 10 90 20 40 20 50 30 70 70 100 10 40 10 70 90 50 30 100 60 90 10 60 20 80 50 10 90 40 10 70 80 40 100 70 30 
