6
30
90 50 60 80 10 40 90 70 20 60 90 20 80 10 60 70 90 100 60 20 30 80 50 40 40 50 60 80 50 90 
40
30 70 100 100 70 40 50 30 90 80 90 100 60 70 100 100 100 10 70 50 80 40 70 10 100 80 40 70 50 70 90 60 60 30 40 10 90 90 10 20 
40
70 90 60 70 20 40 10 30 90 70 80 50 60 70 50 30 90 10 20 40 100 60 50 50 30 10 30 90 100 50 70 70 80 30 100 50 90 40 80 50 
30
10 100 20 90 80 20 10 10 40 40 100 20 60 70 20 70 70 30 70 50 30 70 60 30 30 30 60 70 40 80 
30
100 90 100 20 10 40 70 20 50 10 20 90 90 30 50 20 50 70 60 50 60 90 70 80 80 10 10 20 10 40 
20
10 80 30 70 70 10 70 80 10 30 50 70 30 40 100 10 10 40 90 70 
