10
40
80 80 60 70 80 70 20 70 90 70 30 20 30 10 30 50 80 40 30 70 80 100 100 50 90 40 80 40 80 70 80 30 60 10 40 60 70 50 50 20 
10
40 90 100 20 70 20 30 100 20 10 
50
60 100 100 80 60 70 60 20 20 10 10 50 10 50 30 90 20 10 60 40 30 70 90 90 20 60 20 30 20 10 100 50 80 20 70 50 60 70 80 90 50 60 10 100 60 30 90 20 70 40 
70
70 90 70 70 50 30 10 30 30 10 20 100 40 20 50 10 60 10 50 40 10 100 70 90 20 80 70 10 10 40 90 100 90 50 30 10 60 100 60 30 70 60 80 70 20 50 50 60 50 90 70 40 80 90 10 90 30 60 80 20 70 90 20 40 40 40 60 90 80 40 
70
80 10 80 60 100 20 10 50 100 20 50 80 20 60 30 60 80 30 40 10 10 40 30 50 60 90 100 30 30 70 90 60 40 30 40 50 20 70 60 20 70 100 80 30 100 50 100 10 50 50 100 10 100 10 50 50 90 100 70 20 90 80 90 50 80 70 70 10 10 30 
10
50 70 100 60 90 20 40 100 30 70 
10
60 30 50 70 70 40 70 40 40 10 
50
20 70 70 90 80 70 10 20 60 40 10 60 60 70 70 70 70 80 50 40 100 40 100 20 10 70 30 60 20 50 30 10 90 90 80 100 20 40 90 100 20 90 80 50 30 90 40 40 50 60 
20
60 70 50 30 10 40 40 30 20 60 40 40 20 80 70 10 30 90 80 30 
70
50 50 70 50 90 20 50 40 60 60 10 90 20 90 80 60 80 40 30 10 60 80 70 30 90 70 20 90 70 20 20 40 40 20 60 90 40 90 70 10 30 10 10 90 50 40 80 40 100 30 20 30 100 70 50 30 80 40 10 60 60 70 30 40 30 20 60 70 40 70 
