5
70
80 90 80 100 60 80 100 40 30 60 70 80 20 40 10 40 10 10 10 80 100 50 40 50 30 80 10 70 60 20 30 10 100 40 90 80 10 40 70 50 90 50 70 40 100 60 60 20 80 80 90 30 60 80 80 90 40 90 100 20 100 40 40 60 90 30 60 70 50 70 
10
30 30 100 80 90 20 40 70 40 40 
70
10 60 40 20 10 90 30 10 100 10 30 30 70 10 80 10 70 10 40 20 60 70 90 40 30 80 30 40 60 90 70 80 90 30 50 20 80 20 60 60 20 80 90 80 90 100 30 20 10 70 30 60 100 30 70 100 60 20 90 20 100 30 20 40 40 40 80 90 10 50 
70
30 10 100 70 20 30 10 70 100 50 100 60 40 50 80 60 100 50 20 100 100 70 10 100 50 20 100 10 30 10 10 90 100 10 60 90 70 40 60 20 50 50 10 40 10 60 30 40 100 50 60 60 30 100 100 30 70 20 100 100 80 10 40 20 90 30 60 30 30 70 
30
60 90 70 80 70 40 90 100 20 40 50 20 70 40 90 50 30 50 10 60 30 80 80 20 30 40 80 10 30 20 
