7
60
10 90 80 50 60 70 60 80 60 80 20 50 100 30 60 90 10 70 80 40 60 70 10 30 50 90 40 100 10 100 90 70 80 30 60 20 70 60 60 80 90 100 80 90 70 80 10 100 50 100 100 60 30 60 20 40 50 10 60 40 
60
30 80 20 60 80 50 20 10 80 10 40 50 70 20 50 10 10 60 20 70 80 70 40 100 10 70 90 60 100 80 20 40 20 80 10 40 60 50 50 30 60 90 70 20 20 40 10 80 10 10 30 60 30 90 20 10 20 10 50 80 
100
40 40 40 40 20 10 80 30 90 60 30 30 100 100 10 20 80 30 60 90 60 60 80 60 60 40 40 50 100 20 70 70 40 100 100 70 90 30 40 100 30 70 90 90 100 90 90 20 30 40 60 60 80 70 50 70 50 90 40 80 10 80 90 80 80 40 100 80 100 50 70 100 70 60 40 10 40 70 60 60 10 20 70 70 100 30 100 10 50 80 30 90 10 40 90 70 30 10 100 80 
70
40 90 30 90 90 70 30 70 20 40 70 100 80 50 50 40 50 20 20 30 80 70 90 100 40 20 40 30 50 30 20 70 40 10 90 80 40 100 30 60 40 10 70 30 30 100 20 10 70 10 40 40 40 10 70 50 40 60 70 100 60 100 70 70 10 70 70 100 30 70 
40
10 10 40 70 30 70 30 50 80 10 70 20 60 80 90 60 100 80 50 70 50 40 70 10 70 10 30 70 20 90 100 70 80 90 40 90 40 20 100 10 
10
90 60 10 30 80 40 60 100 60 70 
80
70 50 40 30 70 60 60 40 90 40 70 40 100 80 20 100 10 20 90 10 10 90 90 90 20 70 20 100 10 40 90 70 100 70 70 10 80 40 40 30 20 30 50 90 80 20 10 90 10 10 70 100 30 60 60 20 80 90 70 10 80 60 90 20 90 100 10 40 50 20 50 10 90 30 50 90 50 30 100 40 
