90 90 70 80 90 90 70 90 100 80 50 30 50 30 50 80 100 70 70 80 100 -1 -1 90 -1 80 -1 80 -1 80 -1 60 70 40 60 70 -1 -1 -1 -1 
90 100 -1 70 100 30 100 -1 -1 -1 
100 -1 -1 90 70 90 90 50 50 50 50 90 50 90 90 100 60 60 70 70 70 90 100 100 60 100 30 100 100 100 -1 80 90 70 80 60 70 80 90 100 60 100 100 -1 90 90 -1 70 -1 -1 
90 100 100 100 100 100 30 100 100 20 100 -1 50 50 60 60 100 50 100 100 100 -1 90 100 80 90 90 40 40 90 100 -1 100 60 60 60 100 -1 70 70 80 80 90 90 50 60 60 90 90 -1 80 80 90 -1 90 -1 60 80 90 70 90 -1 40 60 60 60 90 -1 -1 -1 
100 80 100 100 -1 50 50 100 -1 50 80 90 60 80 60 80 90 40 50 40 40 50 50 60 90 100 -1 70 70 90 100 70 50 40 50 70 70 100 70 70 100 -1 100 100 -1 100 -1 50 100 100 -1 100 -1 50 90 90 100 -1 90 90 -1 90 -1 80 -1 -1 -1 30 30 -1 
70 100 -1 90 100 40 100 -1 70 -1 
70 50 70 -1 -1 70 -1 -1 -1 -1 
70 90 90 100 100 80 20 60 70 60 60 70 70 80 80 80 80 100 100 100 -1 100 -1 70 70 90 60 90 50 90 90 90 100 100 100 -1 40 90 100 -1 90 -1 90 90 90 -1 50 50 60 -1 
70 80 60 40 40 60 60 60 60 80 80 80 80 90 90 30 90 -1 -1 -1 
70 70 90 90 100 50 60 60 90 90 90 100 90 100 90 80 90 60 60 60 80 90 90 90 100 90 90 100 90 40 40 60 60 60 90 100 90 100 90 30 90 90 90 100 80 80 100 100 -1 100 30 100 -1 80 80 80 -1 60 60 70 70 -1 40 60 60 60 70 -1 70 -1 
