42
468 6335 26501
170 15725 11479
359 26963 24465
706 28146 23282
828 9962 492
996 11943 4828
437 32392 14605
903 154 293
383 17422 18717
719 19896 5448
727 14772 11539
870 19913 25668
300 17036 9895
704 23812 31323
334 17674 4665
142 7712 28254
869 25548 27645
663 32758 20038
860 8724 9742
530 779 12317
36 22191 1843
289 30107 9041
943 19265 22649
447 23806 15891
730 24371 15351
7 31102 24394
549 19630 12624
85 19955 18757
841 4967 7377
932 26309 16945
440 24627 11324
538 21539 16119
83 22930 16542
834 31116 4640
659 22705 9931
978 2307 31674
387 5022 28746
925 19073 6271
830 26778 15574
98 16513 23987
291 9162 18637
356 24768 23656
