44
466 7173 2530
982 2113 13477
382 8248 26891
672 8806 32373
33 3990 9321
166 15432 9659
294 17207 26579
949 2207 27172
167 3397 16698
21 23695 15530
789 30110 17985
970 28979 21618
16 16627 3685
169 17907 25929
98 28119 24391
200 11786 14487
200 12421 20711
272 15814 27416
86 319 3581
332 7268 8388
445 23187 14508
361 17828 28075
432 7153 30272
269 4694 19886
338 31312 17605
678 407 7769
23 19414 5001
543 17538 30039
389 7356 13290
648 3182 13094
585 10988 10762
494 8218 9502
483 29448 15666
754 22105 15085
96 13526 30222
965 21782 4873
107 3657 3344
594 27081 16081
869 21412 13714
969 3252 27217
80 28769 17041
532 12934 23780
664 12260 26654
937 2096 24366
