75
32 12053 27351
151 16942 21725
967 3431 31108
192 18008 11338
458 12288 27754
384 14946 8910
210 9759 24222
589 6423 24947
507 13031 16414
169 901 32592
763 1656 17411
360 27625 20538
549 6484 27596
42 3603 24351
292 30837 9375
21 4597 24022
349 23200 19669
485 8282 4735
54 2000 26419
939 6901 3789
128 468 3729
894 24649 22484
808 2422 14311
618 22814 9515
310 7617 18936
452 20601 5250
520 31557 22799
304 6225 11009
845 32610 14990
703 3196 20486
94 14344 30524
588 29315 9504
449 25201 13459
619 20581 19797
799 15282 19590
799 28010 27158
473 23623 18539
293 6039 24180
191 29658 7959
192 19816 22889
157 11512 16203
635 24273 20056
329 22647 26363
887 18876 28434
870 20143 23845
417 21882 31999
323 18652 10022
700 3558 28477
893 24390 5076
713 2601 2511
4 26870 17862
689 13402 9790
256 16424 5003
586 24183 10286
89 31427 28618
758 9833 30933
170 2155 25722
190 19977 31330
369 28693 21426
556 3435 16550
442 9513 30146
61 21719 3754
140 12424 16280
997 16688 12530
550 17438 19867
950 194 23196
298 20417 28287
106 24489 16283
456 25735 18115
702 31317 20672
787 12264 4314
356 31186 20054
913 10809 1833
946 4314 27757
322 19559 23647
