83
482 4145 23197
223 7130 2162
536 20451 11174
467 12045 21660
293 26440 17254
25 26155 29511
746 20650 13187
314 4475 28023
169 14019 18788
906 17959 7392
203 3626 26478
415 9315 25825
335 25875 24373
160 11834 28071
488 28298 7519
178 17774 32271
764 2669 17193
986 3103 8481
214 7628 4803
100 30528 2626
544 1925 11024
973 13062 14182
4 27433 17506
594 22726 13032
493 143 17223
287 13065 7901
188 8361 22414
975 14271 29171
236 30834 19712
761 18897 4668
286 12551 141
695 2696 21625
20 2126 26577
695 22659 26303
372 22467 4679
594 23852 25485
19 28465 21120
153 2801 18088
61 1927 9011
758 32171 20316
577 30228 12044
759 7165 5110
883 17087 29566
488 29578 14475
626 25628 5630
929 25424 28521
903 14963 124
597 3738 13262
196 32526 1265
261 6203 8117
31 20327 29012
772 6412 25548
154 21521 29791
925 30189 21764
941 20852 18663
830 30901 17714
959 17579 8366
8 11478 1201
59 6440 2304
761 19358 2325
478 5109 21114
888 19802 22851
461 22429 12994
385 19406 6541
112 28705 12836
357 6073 29351
824 14486 20557
217 1627 9358
527 13358 29338
272 23870 29362
897 13023 29618
113 12718 18697
586 24042 24424
130 24230 4566
560 8933 22297
856 12054 16963
585 29735 6655
973 21458 14370
533 2964 2608
484 912 11636
68 22849 4676
939 2224 22143
755 6512 22742
