76
460 17826 3222
871 1627 31935
206 31784 23851
399 22280 22702
194 12735 1638
535 5557 1994
177 25706 6963
549 15882 301
414 16642 19856
856 13143 11463
612 30878 20425
679 1753 18444
297 12674 10041
314 876 20073
819 611 1018
933 28113 30696
170 23832 20041
489 28686 19091
498 2590 25991
146 19354 19315
652 26741 22045
259 336 8760
193 7606 25265
182 28504 3830
776 20609 29293
998 17550 29557
562 31628 6468
542 26130 31241
814 29175 20602
78 20216 8684
214 23993 25825
602 23393 15760
671 26429 28028
85 10076 18787
499 24971 6288
848 32605 504
222 22664 5707
364 9011 22172
490 18241 12165
543 7620 20914
592 6705 31819
233 751 25206
976 1540 304
423 21099 11248
585 13649 2972
865 22914 11076
546 28713 17547
679 1770 15263
520 13986 28290
945 2866 18541
246 25509 28319
871 9602 28324
133 24473 27153
88 28571 29764
902 17104 14424
528 11601 26970
16 5566 29
544 25348 2089
944 12638 22410
464 5050 4682
589 11343 609
61 21222 1759
955 20889 14147
691 7950 12844
431 25621 749
68 4537 20784
36 32227 15186
39 9854 25630
225 15749 19924
360 32258 24767
945 14956 23319
727 25412 21026
356 31002 22550
497 18585 9516
965 23343 8076
914 16143 31197
