49
73 20427 14607
174 24430 32405
706 20627 29813
376 30094 16566
37 14737 29142
815 5995 8257
653 23937 30839
483 1356 21016
132 18231 17842
626 2012 32638
187 19691 1651
663 21635 10894
354 21417 13453
9 7263 22234
455 16304 16635
304 14257 149
125 12318 4214
110 24029 29201
81 21319 16859
51 24156 31362
265 11904 3677
644 26910 14903
562 28490 24949
283 13654 30675
221 5403 6924
832 19370 3879
260 19009 22620
972 30004 21946
782 26505 12393
686 25314 6699
590 12723 5939
38 6411 31462
235 12509 9962
960 6494 1516
270 24938 28870
59 14701 13972
265 15118 16216
556 7816 18331
40 30213 29289
83 1955 16086
711 24485 24775
381 29816 25952
542 18116 1680
111 25899 23074
789 23978 18133
957 28690 26114
9 12942 15791
724 21364 29
185 24779 7201
