72
886 21975 1072
334 22868 26154
296 32169 20826
677 15630 28651
599 3310 4694
687 30081 10117
250 26668 1529
680 7865 29422
406 8827 6817
517 27727 28667
88 27682 19965
341 5687 6022
663 14722 6065
310 20416 17903
874 17125 23942
746 31763 28424
532 4807 12269
319 5603 31908
308 23482 1013
137 26631 24115
810 4085 23557
291 21294 29997
153 1055 25346
709 249 7492
713 5132 30115
440 7959 24723
705 6996 1053
270 7480 18239
424 27919 10867
660 32499 28487
197 7463 26634
159 12023 1147
393 13038 3926
648 29459 6603
808 4099 27831
293 14601 7279
800 18353 20449
883 541 28316
576 8763 9568
337 18398 31419
898 25829 13852
817 24231 4450
926 659 230
521 10941 29561
148 25163 1656
676 793 22362
755 16399 23147
715 26947 21189
570 8639 27664
76 24516 11522
476 15616 20529
235 12571 906
465 19558 28963
162 30525 12550
470 331 31924
351 14334 22926
911 19738 16337
338 1279 12394
637 30715 28165
592 19950 19136
506 13338 10005
338 2624 28665
971 25609 30569
282 7086 9153
374 28653 8195
877 23827 28397
573 6250 14641
175 18820 944
612 1942 20290
420 5566 3806
586 16217 31451
616 2610 11065
