67
894 16075 13510
301 19696 9574
590 13162 31173
969 27359 26032
269 19427 28511
423 30775 8780
911 23553 4183
392 15496 5765
875 1365 14903
256 4461 475
973 26822 26123
548 21578 9790
606 30196 27595
951 16344 755
482 1013 11673
440 13429 5913
763 5968 24409
416 1909 17224
760 26435 5205
487 4320 959
946 26807 8167
701 11368 17693
788 28533 30557
975 3448 5022
284 26223 29332
377 28584 26949
724 17983 22019
777 9221 31112
183 23857 19491
926 4325 6487
678 15970 11644
535 15678 22669
69 21992 32197
784 16829 7728
427 15872 10698
613 18704 11028
409 5546 9509
186 30239 24238
444 21314 22502
851 25129 2112
651 28150 11193
455 15870 682
466 20268 17714
794 18635 25473
973 22831 24902
443 5178 13878
771 703 14365
382 16591 8824
238 8024 32180
596 20170 2328
43 31311 28183
59 7927 9488
671 32529 5652
259 7214 9861
784 21287 2743
611 4473 7129
435 5842 20719
504 14868 24866
939 1882 9258
751 28615 18599
459 2662 26064
757 20808 20279
490 19436 6366
76 7587 1387
834 8361 13331
49 8929 29493
434 23841 6767
