36
811 11600 11838
893 31983 7329
353 11370 31245
795 6609 9253
648 17433 9536
209 3265 3498
244 27650 22016
842 190 16101
813 30649 9524
852 24475 28634
892 27201 19855
991 25698 4920
781 22579 12932
545 3341 13488
900 22526 8484
539 7493 6194
253 25012 1561
835 1841 31498
786 18530 31541
806 28792 13393
211 13550 21579
980 30972 9278
74 20194 1621
498 13827 31277
791 6583 13579
160 20419 26490
160 3450 12925
73 10381 27009
968 10209 6478
504 15371 32608
197 12075 13723
612 19020 28762
57 12891 31164
684 13717 19933
453 2742 4955
814 2863 10397
