61
616 10905 2600
137 4681 9199
33 14388 32585
241 3518 17007
671 242 18883
250 3524 31759
106 29622 17096
297 9917 15679
179 13580 25059
578 12751 14008
730 24082 2996
679 24677 27754
900 11785 15566
94 13609 6173
244 29930 7515
169 5056 11192
974 8923 6749
652 10987 2145
447 31578 26518
630 29917 5875
792 15470 22913
147 30694 9092
816 26950 26858
641 26053 237
552 9488 31227
163 16956 23184
395 30181 16098
66 27066 2514
262 12579 21079
879 14141 4612
948 2446 171
976 13490 24751
150 3334 13866
215 17283 27008
433 8897 16368
523 4883 31811
642 7232 2188
706 6480 6322
539 31352 19448
209 9647 22277
760 30190 30423
667 8487 3456
29 29615 4861
254 11778 31349
504 10862 22432
83 12456 14198
107 8753 15822
297 26282 26022
456 15948 27125
319 9136 11377
775 29860 24999
75 9254 6923
636 1644 28889
154 13233 4748
681 19927 25679
451 14802 24962
200 20856 26364
717 10574 31562
246 6474 28275
551 24354 1182
288 2700 18111
