15151 15159 15951 15959 26262 37373 40404 40484 48404 48484 51515 51595 59515 59595 62626 73737 84040 84048 84840 84848 95151 95159 95951 95959 
191919191 808080808 919191919 
19 80 91 
1111 2222 3333 4444 5555 6666 7777 8888 9999 
191919 808080 919191 
909 
90909090 
1313131 1313135 1313531 1313535 1313575 1313579 1353131 1353135 1353531 1353535 1353575 1353579 1357531 1357535 1357575 1357579 1357975 1357979 2020202 2020242 2020246 2024202 2024242 2024246 2024642 2024646 2024686 2420202 2420242 2420246 2424202 2424242 2424246 2424642 2424646 2424686 2464202 2464242 2464246 2464642 2464646 2464686 2468642 2468646 2468686 3131313 3131353 3131357 3135313 3135353 3135357 3135753 3135757 3135797 3531313 3531353 3531357 3535313 3535353 3535357 3535753 3535757 3535797 3575313 3575353 3575357 3575753 3575757 3575797 3579753 3579757 3579797 4202020 4202024 4202420 4202424 4202464 4202468 4242020 4242024 4242420 4242424 4242464 4242468 4246420 4246424 4246464 4246468 4246864 4246868 4642020 4642024 4642420 4642424 4642464 4642468 4646420 4646424 4646464 4646468 4646864 4646868 4686420 4686424 4686464 4686468 4686864 4686868 5313131 5313135 5313531 5313535 5313575 5313579 5353131 5353135 5353531 5353535 5353575 5353579 5357531 5357535 5357575 5357579 5357975 5357979 5753131 5753135 5753531 5753535 5753575 5753579 5757531 5757535 5757575 5757579 5757975 5757979 5797531 5797535 5797575 5797579 5797975 5797979 6420202 6420242 6420246 6424202 6424242 6424246 6424642 6424646 6424686 6464202 6464242 6464246 6464642 6464646 6464686 6468642 6468646 6468686 6864202 6864242 6864246 6864642 6864646 6864686 6868642 6868646 6868686 7531313 7531353 7531357 7535313 7535353 7535357 7535753 7535757 7535797 7575313 7575353 7575357 7575753 7575757 7575797 7579753 7579757 7579797 7975313 7975353 7975357 7975753 7975757 7975797 7979753 7979757 7979797 8642020 8642024 8642420 8642424 8642464 8642468 8646420 8646424 8646464 8646468 8646864 8646868 8686420 8686424 8686464 8686468 8686864 8686868 9753131 9753135 9753531 9753535 9753575 9753579 9757531 9757535 9757575 9757579 9757975 9757979 9797531 9797535 9797575 9797579 9797975 9797979 
19191919 80808080 91919191 
191919 808080 919191 
11111 22222 33333 44444 55555 66666 77777 88888 99999 
191 808 919 
161616161 272727272 383838383 494949494 505050505 616161616 727272727 838383838 949494949 
17 28 39 60 71 82 93 
131313131 131313135 131313531 131313535 131313575 131313579 131353131 131353135 131353531 131353535 131353575 131353579 131357531 131357535 131357575 131357579 131357975 131357979 135313131 135313135 135313531 135313535 135313575 135313579 135353131 135353135 135353531 135353535 135353575 135353579 135357531 135357535 135357575 135357579 135357975 135357979 135753131 135753135 135753531 135753535 135753575 135753579 135757531 135757535 135757575 135757579 135757975 135757979 135797531 135797535 135797575 135797579 135797975 135797979 202020202 202020242 202020246 202024202 202024242 202024246 202024642 202024646 202024686 202420202 202420242 202420246 202424202 202424242 202424246 202424642 202424646 202424686 202464202 202464242 202464246 202464642 202464646 202464686 202468642 202468646 202468686 242020202 242020242 242020246 242024202 242024242 242024246 242024642 242024646 242024686 242420202 242420242 242420246 242424202 242424242 242424246 242424642 242424646 242424686 242464202 242464242 242464246 242464642 242464646 242464686 242468642 242468646 242468686 246420202 246420242 246420246 246424202 246424242 246424246 246424642 246424646 246424686 246464202 246464242 246464246 246464642 246464646 246464686 246468642 246468646 246468686 246864202 246864242 246864246 246864642 246864646 246864686 246868642 246868646 246868686 313131313 313131353 313131357 313135313 313135353 313135357 313135753 313135757 313135797 313531313 313531353 313531357 313535313 313535353 313535357 313535753 313535757 313535797 313575313 313575353 313575357 313575753 313575757 313575797 313579753 313579757 313579797 353131313 353131353 353131357 353135313 353135353 353135357 353135753 353135757 353135797 353531313 353531353 353531357 353535313 353535353 353535357 353535753 353535757 353535797 353575313 353575353 353575357 353575753 353575757 353575797 353579753 353579757 353579797 357531313 357531353 357531357 357535313 357535353 357535357 357535753 357535757 357535797 357575313 357575353 357575357 357575753 357575757 357575797 357579753 357579757 357579797 357975313 357975353 357975357 357975753 357975757 357975797 357979753 357979757 357979797 420202020 420202024 420202420 420202424 420202464 420202468 420242020 420242024 420242420 420242424 420242464 420242468 420246420 420246424 420246464 420246468 420246864 420246868 424202020 424202024 424202420 424202424 424202464 424202468 424242020 424242024 424242420 424242424 424242464 424242468 424246420 424246424 424246464 424246468 424246864 424246868 424642020 424642024 424642420 424642424 424642464 424642468 424646420 424646424 424646464 424646468 424646864 424646868 424686420 424686424 424686464 424686468 424686864 424686868 464202020 464202024 464202420 464202424 464202464 464202468 464242020 464242024 464242420 464242424 464242464 464242468 464246420 464246424 464246464 464246468 464246864 464246868 464642020 464642024 464642420 464642424 464642464 464642468 464646420 464646424 464646464 464646468 464646864 464646868 464686420 464686424 464686464 464686468 464686864 464686868 468642020 468642024 468642420 468642424 468642464 468642468 468646420 468646424 468646464 468646468 468646864 468646868 468686420 468686424 468686464 468686468 468686864 468686868 531313131 531313135 531313531 531313535 531313575 531313579 531353131 531353135 531353531 531353535 531353575 531353579 531357531 531357535 531357575 531357579 531357975 531357979 535313131 535313135 535313531 535313535 535313575 535313579 535353131 535353135 535353531 535353535 535353575 535353579 535357531 535357535 535357575 535357579 535357975 535357979 535753131 535753135 535753531 535753535 535753575 535753579 535757531 535757535 535757575 535757579 535757975 535757979 535797531 535797535 535797575 535797579 535797975 535797979 575313131 575313135 575313531 575313535 575313575 575313579 575353131 575353135 575353531 575353535 575353575 575353579 575357531 575357535 575357575 575357579 575357975 575357979 575753131 575753135 575753531 575753535 575753575 575753579 575757531 575757535 575757575 575757579 575757975 575757979 575797531 575797535 575797575 575797579 575797975 575797979 579753131 579753135 579753531 579753535 579753575 579753579 579757531 579757535 579757575 579757579 579757975 579757979 579797531 579797535 579797575 579797579 579797975 579797979 642020202 642020242 642020246 642024202 642024242 642024246 642024642 642024646 642024686 642420202 642420242 642420246 642424202 642424242 642424246 642424642 642424646 642424686 642464202 642464242 642464246 642464642 642464646 642464686 642468642 642468646 642468686 646420202 646420242 646420246 646424202 646424242 646424246 646424642 646424646 646424686 646464202 646464242 646464246 646464642 646464646 646464686 646468642 646468646 646468686 646864202 646864242 646864246 646864642 646864646 646864686 646868642 646868646 646868686 686420202 686420242 686420246 686424202 686424242 686424246 686424642 686424646 686424686 686464202 686464242 686464246 686464642 686464646 686464686 686468642 686468646 686468686 686864202 686864242 686864246 686864642 686864646 686864686 686868642 686868646 686868686 753131313 753131353 753131357 753135313 753135353 753135357 753135753 753135757 753135797 753531313 753531353 753531357 753535313 753535353 753535357 753535753 753535757 753535797 753575313 753575353 753575357 753575753 753575757 753575797 753579753 753579757 753579797 757531313 757531353 757531357 757535313 757535353 757535357 757535753 757535757 757535797 757575313 757575353 757575357 757575753 757575757 757575797 757579753 757579757 757579797 757975313 757975353 757975357 757975753 757975757 757975797 757979753 757979757 757979797 797531313 797531353 797531357 797535313 797535353 797535357 797535753 797535757 797535797 797575313 797575353 797575357 797575753 797575757 797575797 797579753 797579757 797579797 797975313 797975353 797975357 797975753 797975757 797975797 797979753 797979757 797979797 864202020 864202024 864202420 864202424 864202464 864202468 864242020 864242024 864242420 864242424 864242464 864242468 864246420 864246424 864246464 864246468 864246864 864246868 864642020 864642024 864642420 864642424 864642464 864642468 864646420 864646424 864646464 864646468 864646864 864646868 864686420 864686424 864686464 864686468 864686864 864686868 868642020 868642024 868642420 868642424 868642464 868642468 868646420 868646424 868646464 868646468 868646864 868646868 868686420 868686424 868686464 868686468 868686864 868686868 975313131 975313135 975313531 975313535 975313575 975313579 975353131 975353135 975353531 975353535 975353575 975353579 975357531 975357535 975357575 975357579 975357975 975357979 975753131 975753135 975753531 975753535 975753575 975753579 975757531 975757535 975757575 975757579 975757975 975757979 975797531 975797535 975797575 975797579 975797975 975797979 979753131 979753135 979753531 979753535 979753575 979753579 979757531 979757535 979757575 979757579 979757975 979757979 979797531 979797535 979797575 979797579 979797975 979797979 
1313 1353 1357 2020 2024 2420 2424 2464 2468 3131 3135 3531 3535 3575 3579 4202 4242 4246 4642 4646 4686 5313 5353 5357 5753 5757 5797 6420 6424 6464 6468 6864 6868 7531 7535 7575 7579 7975 7979 8642 8646 8686 9753 9757 9797 
191919191 808080808 919191919 
13131313 13131353 13131357 13135313 13135353 13135357 13135753 13135757 13135797 13531313 13531353 13531357 13535313 13535353 13535357 13535753 13535757 13535797 13575313 13575353 13575357 13575753 13575757 13575797 13579753 13579757 13579797 20202020 20202024 20202420 20202424 20202464 20202468 20242020 20242024 20242420 20242424 20242464 20242468 20246420 20246424 20246464 20246468 20246864 20246868 24202020 24202024 24202420 24202424 24202464 24202468 24242020 24242024 24242420 24242424 24242464 24242468 24246420 24246424 24246464 24246468 24246864 24246868 24642020 24642024 24642420 24642424 24642464 24642468 24646420 24646424 24646464 24646468 24646864 24646868 24686420 24686424 24686464 24686468 24686864 24686868 31313131 31313135 31313531 31313535 31313575 31313579 31353131 31353135 31353531 31353535 31353575 31353579 31357531 31357535 31357575 31357579 31357975 31357979 35313131 35313135 35313531 35313535 35313575 35313579 35353131 35353135 35353531 35353535 35353575 35353579 35357531 35357535 35357575 35357579 35357975 35357979 35753131 35753135 35753531 35753535 35753575 35753579 35757531 35757535 35757575 35757579 35757975 35757979 35797531 35797535 35797575 35797579 35797975 35797979 42020202 42020242 42020246 42024202 42024242 42024246 42024642 42024646 42024686 42420202 42420242 42420246 42424202 42424242 42424246 42424642 42424646 42424686 42464202 42464242 42464246 42464642 42464646 42464686 42468642 42468646 42468686 46420202 46420242 46420246 46424202 46424242 46424246 46424642 46424646 46424686 46464202 46464242 46464246 46464642 46464646 46464686 46468642 46468646 46468686 46864202 46864242 46864246 46864642 46864646 46864686 46868642 46868646 46868686 53131313 53131353 53131357 53135313 53135353 53135357 53135753 53135757 53135797 53531313 53531353 53531357 53535313 53535353 53535357 53535753 53535757 53535797 53575313 53575353 53575357 53575753 53575757 53575797 53579753 53579757 53579797 57531313 57531353 57531357 57535313 57535353 57535357 57535753 57535757 57535797 57575313 57575353 57575357 57575753 57575757 57575797 57579753 57579757 57579797 57975313 57975353 57975357 57975753 57975757 57975797 57979753 57979757 57979797 64202020 64202024 64202420 64202424 64202464 64202468 64242020 64242024 64242420 64242424 64242464 64242468 64246420 64246424 64246464 64246468 64246864 64246868 64642020 64642024 64642420 64642424 64642464 64642468 64646420 64646424 64646464 64646468 64646864 64646868 64686420 64686424 64686464 64686468 64686864 64686868 68642020 68642024 68642420 68642424 68642464 68642468 68646420 68646424 68646464 68646468 68646864 68646868 68686420 68686424 68686464 68686468 68686864 68686868 75313131 75313135 75313531 75313535 75313575 75313579 75353131 75353135 75353531 75353535 75353575 75353579 75357531 75357535 75357575 75357579 75357975 75357979 75753131 75753135 75753531 75753535 75753575 75753579 75757531 75757535 75757575 75757579 75757975 75757979 75797531 75797535 75797575 75797579 75797975 75797979 79753131 79753135 79753531 79753535 79753575 79753579 79757531 79757535 79757575 79757579 79757975 79757979 79797531 79797535 79797575 79797579 79797975 79797979 86420202 86420242 86420246 86424202 86424242 86424246 86424642 86424646 86424686 86464202 86464242 86464246 86464642 86464646 86464686 86468642 86468646 86468686 86864202 86864242 86864246 86864642 86864646 86864686 86868642 86868646 86868686 97531313 97531353 97531357 97535313 97535353 97535357 97535753 97535757 97535797 97575313 97575353 97575357 97575753 97575757 97575797 97579753 97579757 97579797 97975313 97975353 97975357 97975753 97975757 97975797 97979753 97979757 97979797 
16161616 27272727 38383838 49494949 50505050 61616161 72727272 83838383 94949494 
909 
15151515 15151595 15159515 15159595 15951515 15951595 15959515 15959595 26262626 37373737 40404040 40404048 40404840 40404848 40484040 40484048 40484840 40484848 48404040 48404048 48404840 48404848 48484040 48484048 48484840 48484848 51515151 51515159 51515951 51515959 51595151 51595159 51595951 51595959 59515151 59515159 59515951 59515959 59595151 59595159 59595951 59595959 62626262 73737373 84040404 84040484 84048404 84048484 84840404 84840484 84848404 84848484 95151515 95151595 95159515 95159595 95951515 95951595 95959515 95959595 
10 12 21 23 32 34 43 45 54 56 65 67 76 78 87 89 98 
13131313 13131353 13131357 13135313 13135353 13135357 13135753 13135757 13135797 13531313 13531353 13531357 13535313 13535353 13535357 13535753 13535757 13535797 13575313 13575353 13575357 13575753 13575757 13575797 13579753 13579757 13579797 20202020 20202024 20202420 20202424 20202464 20202468 20242020 20242024 20242420 20242424 20242464 20242468 20246420 20246424 20246464 20246468 20246864 20246868 24202020 24202024 24202420 24202424 24202464 24202468 24242020 24242024 24242420 24242424 24242464 24242468 24246420 24246424 24246464 24246468 24246864 24246868 24642020 24642024 24642420 24642424 24642464 24642468 24646420 24646424 24646464 24646468 24646864 24646868 24686420 24686424 24686464 24686468 24686864 24686868 31313131 31313135 31313531 31313535 31313575 31313579 31353131 31353135 31353531 31353535 31353575 31353579 31357531 31357535 31357575 31357579 31357975 31357979 35313131 35313135 35313531 35313535 35313575 35313579 35353131 35353135 35353531 35353535 35353575 35353579 35357531 35357535 35357575 35357579 35357975 35357979 35753131 35753135 35753531 35753535 35753575 35753579 35757531 35757535 35757575 35757579 35757975 35757979 35797531 35797535 35797575 35797579 35797975 35797979 42020202 42020242 42020246 42024202 42024242 42024246 42024642 42024646 42024686 42420202 42420242 42420246 42424202 42424242 42424246 42424642 42424646 42424686 42464202 42464242 42464246 42464642 42464646 42464686 42468642 42468646 42468686 46420202 46420242 46420246 46424202 46424242 46424246 46424642 46424646 46424686 46464202 46464242 46464246 46464642 46464646 46464686 46468642 46468646 46468686 46864202 46864242 46864246 46864642 46864646 46864686 46868642 46868646 46868686 53131313 53131353 53131357 53135313 53135353 53135357 53135753 53135757 53135797 53531313 53531353 53531357 53535313 53535353 53535357 53535753 53535757 53535797 53575313 53575353 53575357 53575753 53575757 53575797 53579753 53579757 53579797 57531313 57531353 57531357 57535313 57535353 57535357 57535753 57535757 57535797 57575313 57575353 57575357 57575753 57575757 57575797 57579753 57579757 57579797 57975313 57975353 57975357 57975753 57975757 57975797 57979753 57979757 57979797 64202020 64202024 64202420 64202424 64202464 64202468 64242020 64242024 64242420 64242424 64242464 64242468 64246420 64246424 64246464 64246468 64246864 64246868 64642020 64642024 64642420 64642424 64642464 64642468 64646420 64646424 64646464 64646468 64646864 64646868 64686420 64686424 64686464 64686468 64686864 64686868 68642020 68642024 68642420 68642424 68642464 68642468 68646420 68646424 68646464 68646468 68646864 68646868 68686420 68686424 68686464 68686468 68686864 68686868 75313131 75313135 75313531 75313535 75313575 75313579 75353131 75353135 75353531 75353535 75353575 75353579 75357531 75357535 75357575 75357579 75357975 75357979 75753131 75753135 75753531 75753535 75753575 75753579 75757531 75757535 75757575 75757579 75757975 75757979 75797531 75797535 75797575 75797579 75797975 75797979 79753131 79753135 79753531 79753535 79753575 79753579 79757531 79757535 79757575 79757579 79757975 79757979 79797531 79797535 79797575 79797579 79797975 79797979 86420202 86420242 86420246 86424202 86424242 86424246 86424642 86424646 86424686 86464202 86464242 86464246 86464642 86464646 86464686 86468642 86468646 86468686 86864202 86864242 86864246 86864642 86864646 86864686 86868642 86868646 86868686 97531313 97531353 97531357 97535313 97535353 97535357 97535753 97535757 97535797 97575313 97575353 97575357 97575753 97575757 97575797 97579753 97579757 97579797 97975313 97975353 97975357 97975753 97975757 97975797 97979753 97979757 97979797 
10101 10121 10123 12101 12121 12123 12321 12323 12343 12345 21010 21012 21210 21212 21232 21234 23210 23212 23232 23234 23432 23434 23454 23456 32101 32121 32123 32321 32323 32343 32345 34321 34323 34343 34345 34543 34545 34565 34567 43210 43212 43232 43234 43432 43434 43454 43456 45432 45434 45454 45456 45654 45656 45676 45678 54321 54323 54343 54345 54543 54545 54565 54567 56543 56545 56565 56567 56765 56767 56787 56789 65432 65434 65454 65456 65654 65656 65676 65678 67654 67656 67676 67678 67876 67878 67898 76543 76545 76565 76567 76765 76767 76787 76789 78765 78767 78787 78789 78987 78989 87654 87656 87676 87678 87876 87878 87898 89876 89878 89898 98765 98767 98787 98789 98987 98989 
