1111111 2222222 3333333 4444444 5555555 6666666 7777777 8888888 9999999 
17171 28282 39393 60606 71717 82828 93939 
14141 14147 14741 14747 25252 25258 25852 25858 30303 30363 30369 36303 36363 36369 36963 36969 41414 41474 47414 47474 52525 52585 58525 58585 63030 63036 63630 63636 63696 69630 69636 69696 74141 74147 74741 74747 85252 85258 85852 85858 96303 96363 96369 96963 96969 
15151515 15151595 15159515 15159595 15951515 15951595 15959515 15959595 26262626 37373737 40404040 40404048 40404840 40404848 40484040 40484048 40484840 40484848 48404040 48404048 48404840 48404848 48484040 48484048 48484840 48484848 51515151 51515159 51515951 51515959 51595151 51595159 51595951 51595959 59515151 59515159 59515951 59515959 59595151 59595159 59595951 59595959 62626262 73737373 84040404 84040484 84048404 84048484 84840404 84840484 84848404 84848484 95151515 95151595 95159515 95159595 95951515 95951595 95959515 95959595 
1313131 1313135 1313531 1313535 1313575 1313579 1353131 1353135 1353531 1353535 1353575 1353579 1357531 1357535 1357575 1357579 1357975 1357979 2020202 2020242 2020246 2024202 2024242 2024246 2024642 2024646 2024686 2420202 2420242 2420246 2424202 2424242 2424246 2424642 2424646 2424686 2464202 2464242 2464246 2464642 2464646 2464686 2468642 2468646 2468686 3131313 3131353 3131357 3135313 3135353 3135357 3135753 3135757 3135797 3531313 3531353 3531357 3535313 3535353 3535357 3535753 3535757 3535797 3575313 3575353 3575357 3575753 3575757 3575797 3579753 3579757 3579797 4202020 4202024 4202420 4202424 4202464 4202468 4242020 4242024 4242420 4242424 4242464 4242468 4246420 4246424 4246464 4246468 4246864 4246868 4642020 4642024 4642420 4642424 4642464 4642468 4646420 4646424 4646464 4646468 4646864 4646868 4686420 4686424 4686464 4686468 4686864 4686868 5313131 5313135 5313531 5313535 5313575 5313579 5353131 5353135 5353531 5353535 5353575 5353579 5357531 5357535 5357575 5357579 5357975 5357979 5753131 5753135 5753531 5753535 5753575 5753579 5757531 5757535 5757575 5757579 5757975 5757979 5797531 5797535 5797575 5797579 5797975 5797979 6420202 6420242 6420246 6424202 6424242 6424246 6424642 6424646 6424686 6464202 6464242 6464246 6464642 6464646 6464686 6468642 6468646 6468686 6864202 6864242 6864246 6864642 6864646 6864686 6868642 6868646 6868686 7531313 7531353 7531357 7535313 7535353 7535357 7535753 7535757 7535797 7575313 7575353 7575357 7575753 7575757 7575797 7579753 7579757 7579797 7975313 7975353 7975357 7975753 7975757 7975797 7979753 7979757 7979797 8642020 8642024 8642420 8642424 8642464 8642468 8646420 8646424 8646464 8646468 8646864 8646868 8686420 8686424 8686464 8686468 8686864 8686868 9753131 9753135 9753531 9753535 9753575 9753579 9757531 9757535 9757575 9757579 9757975 9757979 9797531 9797535 9797575 9797579 9797975 9797979 
16161616 27272727 38383838 49494949 50505050 61616161 72727272 83838383 94949494 
181818181 292929292 707070707 818181818 929292929 
1616 2727 3838 4949 5050 6161 7272 8383 9494 
90909 
14 25 30 36 41 47 52 58 63 69 74 85 96 
13 20 24 31 35 42 46 53 57 64 68 75 79 86 97 
