17171717 28282828 39393939 60606060 71717171 82828282 93939393 
19191 80808 91919 
90 
1414 1474 2525 2585 3030 3036 3630 3636 3696 4141 4147 4741 4747 5252 5258 5852 5858 6303 6363 6369 6963 6969 7414 7474 8525 8585 9630 9636 9696 
191 808 919 
13131313 13131353 13131357 13135313 13135353 13135357 13135753 13135757 13135797 13531313 13531353 13531357 13535313 13535353 13535357 13535753 13535757 13535797 13575313 13575353 13575357 13575753 13575757 13575797 13579753 13579757 13579797 20202020 20202024 20202420 20202424 20202464 20202468 20242020 20242024 20242420 20242424 20242464 20242468 20246420 20246424 20246464 20246468 20246864 20246868 24202020 24202024 24202420 24202424 24202464 24202468 24242020 24242024 24242420 24242424 24242464 24242468 24246420 24246424 24246464 24246468 24246864 24246868 24642020 24642024 24642420 24642424 24642464 24642468 24646420 24646424 24646464 24646468 24646864 24646868 24686420 24686424 24686464 24686468 24686864 24686868 31313131 31313135 31313531 31313535 31313575 31313579 31353131 31353135 31353531 31353535 31353575 31353579 31357531 31357535 31357575 31357579 31357975 31357979 35313131 35313135 35313531 35313535 35313575 35313579 35353131 35353135 35353531 35353535 35353575 35353579 35357531 35357535 35357575 35357579 35357975 35357979 35753131 35753135 35753531 35753535 35753575 35753579 35757531 35757535 35757575 35757579 35757975 35757979 35797531 35797535 35797575 35797579 35797975 35797979 42020202 42020242 42020246 42024202 42024242 42024246 42024642 42024646 42024686 42420202 42420242 42420246 42424202 42424242 42424246 42424642 42424646 42424686 42464202 42464242 42464246 42464642 42464646 42464686 42468642 42468646 42468686 46420202 46420242 46420246 46424202 46424242 46424246 46424642 46424646 46424686 46464202 46464242 46464246 46464642 46464646 46464686 46468642 46468646 46468686 46864202 46864242 46864246 46864642 46864646 46864686 46868642 46868646 46868686 53131313 53131353 53131357 53135313 53135353 53135357 53135753 53135757 53135797 53531313 53531353 53531357 53535313 53535353 53535357 53535753 53535757 53535797 53575313 53575353 53575357 53575753 53575757 53575797 53579753 53579757 53579797 57531313 57531353 57531357 57535313 57535353 57535357 57535753 57535757 57535797 57575313 57575353 57575357 57575753 57575757 57575797 57579753 57579757 57579797 57975313 57975353 57975357 57975753 57975757 57975797 57979753 57979757 57979797 64202020 64202024 64202420 64202424 64202464 64202468 64242020 64242024 64242420 64242424 64242464 64242468 64246420 64246424 64246464 64246468 64246864 64246868 64642020 64642024 64642420 64642424 64642464 64642468 64646420 64646424 64646464 64646468 64646864 64646868 64686420 64686424 64686464 64686468 64686864 64686868 68642020 68642024 68642420 68642424 68642464 68642468 68646420 68646424 68646464 68646468 68646864 68646868 68686420 68686424 68686464 68686468 68686864 68686868 75313131 75313135 75313531 75313535 75313575 75313579 75353131 75353135 75353531 75353535 75353575 75353579 75357531 75357535 75357575 75357579 75357975 75357979 75753131 75753135 75753531 75753535 75753575 75753579 75757531 75757535 75757575 75757579 75757975 75757979 75797531 75797535 75797575 75797579 75797975 75797979 79753131 79753135 79753531 79753535 79753575 79753579 79757531 79757535 79757575 79757579 79757975 79757979 79797531 79797535 79797575 79797579 79797975 79797979 86420202 86420242 86420246 86424202 86424242 86424246 86424642 86424646 86424686 86464202 86464242 86464246 86464642 86464646 86464686 86468642 86468646 86468686 86864202 86864242 86864246 86864642 86864646 86864686 86868642 86868646 86868686 97531313 97531353 97531357 97535313 97535353 97535357 97535753 97535757 97535797 97575313 97575353 97575357 97575753 97575757 97575797 97579753 97579757 97579797 97975313 97975353 97975357 97975753 97975757 97975797 97979753 97979757 97979797 
101 121 123 210 212 232 234 321 323 343 345 432 434 454 456 543 545 565 567 654 656 676 678 765 767 787 789 876 878 898 987 989 
161 272 383 494 505 616 727 838 949 
191919191 808080808 919191919 
11 22 33 44 55 66 77 88 99 
171 282 393 606 717 828 939 
171 282 393 606 717 828 939 
1616161 2727272 3838383 4949494 5050505 6161616 7272727 8383838 9494949 
131313 131353 131357 135313 135353 135357 135753 135757 135797 202020 202024 202420 202424 202464 202468 242020 242024 242420 242424 242464 242468 246420 246424 246464 246468 246864 246868 313131 313135 313531 313535 313575 313579 353131 353135 353531 353535 353575 353579 357531 357535 357575 357579 357975 357979 420202 420242 420246 424202 424242 424246 424642 424646 424686 464202 464242 464246 464642 464646 464686 468642 468646 468686 531313 531353 531357 535313 535353 535357 535753 535757 535797 575313 575353 575357 575753 575757 575797 579753 579757 579797 642020 642024 642420 642424 642464 642468 646420 646424 646464 646468 646864 646868 686420 686424 686464 686468 686864 686868 753131 753135 753531 753535 753575 753579 757531 757535 757575 757579 757975 757979 797531 797535 797575 797579 797975 797979 864202 864242 864246 864642 864646 864686 868642 868646 868686 975313 975353 975357 975753 975757 975797 979753 979757 979797 
90909090 
141 147 252 258 303 363 369 414 474 525 585 630 636 696 741 747 852 858 963 969 
131 135 202 242 246 313 353 357 420 424 464 468 531 535 575 579 642 646 686 753 757 797 864 868 975 979 
1111 2222 3333 4444 5555 6666 7777 8888 9999 
171 282 393 606 717 828 939 
18181 29292 70707 81818 92929 
151515151 151515159 151515951 151515959 151595151 151595159 151595951 151595959 159515151 159515159 159515951 159515959 159595151 159595159 159595951 159595959 262626262 373737373 404040404 404040484 404048404 404048484 404840404 404840484 404848404 404848484 484040404 484040484 484048404 484048484 484840404 484840484 484848404 484848484 515151515 515151595 515159515 515159595 515951515 515951595 515959515 515959595 595151515 595151595 595159515 595159595 595951515 595951595 595959515 595959595 626262626 737373737 840404040 840404048 840404840 840404848 840484040 840484048 840484840 840484848 848404040 848404048 848404840 848404848 848484040 848484048 848484840 848484848 951515151 951515159 951515951 951515959 951595151 951595159 951595951 951595959 959515151 959515159 959515951 959515959 959595151 959595159 959595951 959595959 
131313131 131313135 131313531 131313535 131313575 131313579 131353131 131353135 131353531 131353535 131353575 131353579 131357531 131357535 131357575 131357579 131357975 131357979 135313131 135313135 135313531 135313535 135313575 135313579 135353131 135353135 135353531 135353535 135353575 135353579 135357531 135357535 135357575 135357579 135357975 135357979 135753131 135753135 135753531 135753535 135753575 135753579 135757531 135757535 135757575 135757579 135757975 135757979 135797531 135797535 135797575 135797579 135797975 135797979 202020202 202020242 202020246 202024202 202024242 202024246 202024642 202024646 202024686 202420202 202420242 202420246 202424202 202424242 202424246 202424642 202424646 202424686 202464202 202464242 202464246 202464642 202464646 202464686 202468642 202468646 202468686 242020202 242020242 242020246 242024202 242024242 242024246 242024642 242024646 242024686 242420202 242420242 242420246 242424202 242424242 242424246 242424642 242424646 242424686 242464202 242464242 242464246 242464642 242464646 242464686 242468642 242468646 242468686 246420202 246420242 246420246 246424202 246424242 246424246 246424642 246424646 246424686 246464202 246464242 246464246 246464642 246464646 246464686 246468642 246468646 246468686 246864202 246864242 246864246 246864642 246864646 246864686 246868642 246868646 246868686 313131313 313131353 313131357 313135313 313135353 313135357 313135753 313135757 313135797 313531313 313531353 313531357 313535313 313535353 313535357 313535753 313535757 313535797 313575313 313575353 313575357 313575753 313575757 313575797 313579753 313579757 313579797 353131313 353131353 353131357 353135313 353135353 353135357 353135753 353135757 353135797 353531313 353531353 353531357 353535313 353535353 353535357 353535753 353535757 353535797 353575313 353575353 353575357 353575753 353575757 353575797 353579753 353579757 353579797 357531313 357531353 357531357 357535313 357535353 357535357 357535753 357535757 357535797 357575313 357575353 357575357 357575753 357575757 357575797 357579753 357579757 357579797 357975313 357975353 357975357 357975753 357975757 357975797 357979753 357979757 357979797 420202020 420202024 420202420 420202424 420202464 420202468 420242020 420242024 420242420 420242424 420242464 420242468 420246420 420246424 420246464 420246468 420246864 420246868 424202020 424202024 424202420 424202424 424202464 424202468 424242020 424242024 424242420 424242424 424242464 424242468 424246420 424246424 424246464 424246468 424246864 424246868 424642020 424642024 424642420 424642424 424642464 424642468 424646420 424646424 424646464 424646468 424646864 424646868 424686420 424686424 424686464 424686468 424686864 424686868 464202020 464202024 464202420 464202424 464202464 464202468 464242020 464242024 464242420 464242424 464242464 464242468 464246420 464246424 464246464 464246468 464246864 464246868 464642020 464642024 464642420 464642424 464642464 464642468 464646420 464646424 464646464 464646468 464646864 464646868 464686420 464686424 464686464 464686468 464686864 464686868 468642020 468642024 468642420 468642424 468642464 468642468 468646420 468646424 468646464 468646468 468646864 468646868 468686420 468686424 468686464 468686468 468686864 468686868 531313131 531313135 531313531 531313535 531313575 531313579 531353131 531353135 531353531 531353535 531353575 531353579 531357531 531357535 531357575 531357579 531357975 531357979 535313131 535313135 535313531 535313535 535313575 535313579 535353131 535353135 535353531 535353535 535353575 535353579 535357531 535357535 535357575 535357579 535357975 535357979 535753131 535753135 535753531 535753535 535753575 535753579 535757531 535757535 535757575 535757579 535757975 535757979 535797531 535797535 535797575 535797579 535797975 535797979 575313131 575313135 575313531 575313535 575313575 575313579 575353131 575353135 575353531 575353535 575353575 575353579 575357531 575357535 575357575 575357579 575357975 575357979 575753131 575753135 575753531 575753535 575753575 575753579 575757531 575757535 575757575 575757579 575757975 575757979 575797531 575797535 575797575 575797579 575797975 575797979 579753131 579753135 579753531 579753535 579753575 579753579 579757531 579757535 579757575 579757579 579757975 579757979 579797531 579797535 579797575 579797579 579797975 579797979 642020202 642020242 642020246 642024202 642024242 642024246 642024642 642024646 642024686 642420202 642420242 642420246 642424202 642424242 642424246 642424642 642424646 642424686 642464202 642464242 642464246 642464642 642464646 642464686 642468642 642468646 642468686 646420202 646420242 646420246 646424202 646424242 646424246 646424642 646424646 646424686 646464202 646464242 646464246 646464642 646464646 646464686 646468642 646468646 646468686 646864202 646864242 646864246 646864642 646864646 646864686 646868642 646868646 646868686 686420202 686420242 686420246 686424202 686424242 686424246 686424642 686424646 686424686 686464202 686464242 686464246 686464642 686464646 686464686 686468642 686468646 686468686 686864202 686864242 686864246 686864642 686864646 686864686 686868642 686868646 686868686 753131313 753131353 753131357 753135313 753135353 753135357 753135753 753135757 753135797 753531313 753531353 753531357 753535313 753535353 753535357 753535753 753535757 753535797 753575313 753575353 753575357 753575753 753575757 753575797 753579753 753579757 753579797 757531313 757531353 757531357 757535313 757535353 757535357 757535753 757535757 757535797 757575313 757575353 757575357 757575753 757575757 757575797 757579753 757579757 757579797 757975313 757975353 757975357 757975753 757975757 757975797 757979753 757979757 757979797 797531313 797531353 797531357 797535313 797535353 797535357 797535753 797535757 797535797 797575313 797575353 797575357 797575753 797575757 797575797 797579753 797579757 797579797 797975313 797975353 797975357 797975753 797975757 797975797 797979753 797979757 797979797 864202020 864202024 864202420 864202424 864202464 864202468 864242020 864242024 864242420 864242424 864242464 864242468 864246420 864246424 864246464 864246468 864246864 864246868 864642020 864642024 864642420 864642424 864642464 864642468 864646420 864646424 864646464 864646468 864646864 864646868 864686420 864686424 864686464 864686468 864686864 864686868 868642020 868642024 868642420 868642424 868642464 868642468 868646420 868646424 868646464 868646468 868646864 868646868 868686420 868686424 868686464 868686468 868686864 868686868 975313131 975313135 975313531 975313535 975313575 975313579 975353131 975353135 975353531 975353535 975353575 975353579 975357531 975357535 975357575 975357579 975357975 975357979 975753131 975753135 975753531 975753535 975753575 975753579 975757531 975757535 975757575 975757579 975757975 975757979 975797531 975797535 975797575 975797579 975797975 975797979 979753131 979753135 979753531 979753535 979753575 979753579 979757531 979757535 979757575 979757579 979757975 979757979 979797531 979797535 979797575 979797579 979797975 979797979 
11111111 22222222 33333333 44444444 55555555 66666666 77777777 88888888 99999999 
1515151 1515159 1515951 1515959 1595151 1595159 1595951 1595959 2626262 3737373 4040404 4040484 4048404 4048484 4840404 4840484 4848404 4848484 5151515 5151595 5159515 5159595 5951515 5951595 5959515 5959595 6262626 7373737 8404040 8404048 8404840 8404848 8484040 8484048 8484840 8484848 9515151 9515159 9515951 9515959 9595151 9595159 9595951 9595959 
11111111 22222222 33333333 44444444 55555555 66666666 77777777 88888888 99999999 
10101 10121 10123 12101 12121 12123 12321 12323 12343 12345 21010 21012 21210 21212 21232 21234 23210 23212 23232 23234 23432 23434 23454 23456 32101 32121 32123 32321 32323 32343 32345 34321 34323 34343 34345 34543 34545 34565 34567 43210 43212 43232 43234 43432 43434 43454 43456 45432 45434 45454 45456 45654 45656 45676 45678 54321 54323 54343 54345 54543 54545 54565 54567 56543 56545 56565 56567 56765 56767 56787 56789 65432 65434 65454 65456 65654 65656 65676 65678 67654 67656 67676 67678 67876 67878 67898 76543 76545 76565 76567 76765 76767 76787 76789 78765 78767 78787 78789 78987 78989 87654 87656 87676 87678 87876 87878 87898 89876 89878 89898 98765 98767 98787 98789 98987 98989 
181818181 292929292 707070707 818181818 929292929 
181 292 707 818 929 
141 147 252 258 303 363 369 414 474 525 585 630 636 696 741 747 852 858 963 969 
909 
191 808 919 
1919191 8080808 9191919 
17171717 28282828 39393939 60606060 71717171 82828282 93939393 
1111 2222 3333 4444 5555 6666 7777 8888 9999 
1919191 8080808 9191919 
101010 101012 101210 101212 101232 101234 121010 121012 121210 121212 121232 121234 123210 123212 123232 123234 123432 123434 123454 123456 210101 210121 210123 212101 212121 212123 212321 212323 212343 212345 232101 232121 232123 232321 232323 232343 232345 234321 234323 234343 234345 234543 234545 234565 234567 321010 321012 321210 321212 321232 321234 323210 323212 323232 323234 323432 323434 323454 323456 343210 343212 343232 343234 343432 343434 343454 343456 345432 345434 345454 345456 345654 345656 345676 345678 432101 432121 432123 432321 432323 432343 432345 434321 434323 434343 434345 434543 434545 434565 434567 454321 454323 454343 454345 454543 454545 454565 454567 456543 456545 456565 456567 456765 456767 456787 456789 543210 543212 543232 543234 543432 543434 543454 543456 545432 545434 545454 545456 545654 545656 545676 545678 565432 565434 565454 565456 565654 565656 565676 565678 567654 567656 567676 567678 567876 567878 567898 654321 654323 654343 654345 654543 654545 654565 654567 656543 656545 656565 656567 656765 656767 656787 656789 676543 676545 676565 676567 676765 676767 676787 676789 678765 678767 678787 678789 678987 678989 765432 765434 765454 765456 765654 765656 765676 765678 767654 767656 767676 767678 767876 767878 767898 787654 787656 787676 787678 787876 787878 787898 789876 789878 789898 876543 876545 876565 876567 876765 876767 876787 876789 878765 878767 878787 878789 878987 878989 898765 898767 898787 898789 898987 898989 987654 987656 987676 987678 987876 987878 987898 989876 989878 989898 
1616 2727 3838 4949 5050 6161 7272 8383 9494 
9090 
18 29 70 81 92 
141414 141474 147414 147474 252525 252585 258525 258585 303030 303036 303630 303636 303696 363030 363036 363630 363636 363696 369630 369636 369696 414141 414147 414741 414747 474141 474147 474741 474747 525252 525258 525852 525858 585252 585258 585852 585858 630303 630363 630369 636303 636363 636369 636963 636969 696303 696363 696369 696963 696969 741414 741474 747414 747474 852525 852585 858525 858585 963030 963036 963630 963636 963696 969630 969636 969696 
10101 10121 10123 12101 12121 12123 12321 12323 12343 12345 21010 21012 21210 21212 21232 21234 23210 23212 23232 23234 23432 23434 23454 23456 32101 32121 32123 32321 32323 32343 32345 34321 34323 34343 34345 34543 34545 34565 34567 43210 43212 43232 43234 43432 43434 43454 43456 45432 45434 45454 45456 45654 45656 45676 45678 54321 54323 54343 54345 54543 54545 54565 54567 56543 56545 56565 56567 56765 56767 56787 56789 65432 65434 65454 65456 65654 65656 65676 65678 67654 67656 67676 67678 67876 67878 67898 76543 76545 76565 76567 76765 76767 76787 76789 78765 78767 78787 78789 78987 78989 87654 87656 87676 87678 87876 87878 87898 89876 89878 89898 98765 98767 98787 98789 98987 98989 
