19 80 91 
15151 15159 15951 15959 26262 37373 40404 40484 48404 48484 51515 51595 59515 59595 62626 73737 84040 84048 84840 84848 95151 95159 95951 95959 
161 272 383 494 505 616 727 838 949 
131 135 202 242 246 313 353 357 420 424 464 468 531 535 575 579 642 646 686 753 757 797 864 868 975 979 
1919 8080 9191 
131 135 202 242 246 313 353 357 420 424 464 468 531 535 575 579 642 646 686 753 757 797 864 868 975 979 
161616161 272727272 383838383 494949494 505050505 616161616 727272727 838383838 949494949 
151 159 262 373 404 484 515 595 626 737 840 848 951 959 
111 222 333 444 555 666 777 888 999 
1919191 8080808 9191919 
11111111 22222222 33333333 44444444 55555555 66666666 77777777 88888888 99999999 
141 147 252 258 303 363 369 414 474 525 585 630 636 696 741 747 852 858 963 969 
131313 131353 131357 135313 135353 135357 135753 135757 135797 202020 202024 202420 202424 202464 202468 242020 242024 242420 242424 242464 242468 246420 246424 246464 246468 246864 246868 313131 313135 313531 313535 313575 313579 353131 353135 353531 353535 353575 353579 357531 357535 357575 357579 357975 357979 420202 420242 420246 424202 424242 424246 424642 424646 424686 464202 464242 464246 464642 464646 464686 468642 468646 468686 531313 531353 531357 535313 535353 535357 535753 535757 535797 575313 575353 575357 575753 575757 575797 579753 579757 579797 642020 642024 642420 642424 642464 642468 646420 646424 646464 646468 646864 646868 686420 686424 686464 686468 686864 686868 753131 753135 753531 753535 753575 753579 757531 757535 757575 757579 757975 757979 797531 797535 797575 797579 797975 797979 864202 864242 864246 864642 864646 864686 868642 868646 868686 975313 975353 975357 975753 975757 975797 979753 979757 979797 
18 29 70 81 92 
1414 1474 2525 2585 3030 3036 3630 3636 3696 4141 4147 4741 4747 5252 5258 5852 5858 6303 6363 6369 6963 6969 7414 7474 8525 8585 9630 9636 9696 
1414141 1414147 1414741 1414747 1474141 1474147 1474741 1474747 2525252 2525258 2525852 2525858 2585252 2585258 2585852 2585858 3030303 3030363 3030369 3036303 3036363 3036369 3036963 3036969 3630303 3630363 3630369 3636303 3636363 3636369 3636963 3636969 3696303 3696363 3696369 3696963 3696969 4141414 4141474 4147414 4147474 4741414 4741474 4747414 4747474 5252525 5252585 5258525 5258585 5852525 5852585 5858525 5858585 6303030 6303036 6303630 6303636 6303696 6363030 6363036 6363630 6363636 6363696 6369630 6369636 6369696 6963030 6963036 6963630 6963636 6963696 6969630 6969636 6969696 7414141 7414147 7414741 7414747 7474141 7474147 7474741 7474747 8525252 8525258 8525852 8525858 8585252 8585258 8585852 8585858 9630303 9630363 9630369 9636303 9636363 9636369 9636963 9636969 9696303 9696363 9696369 9696963 9696969 
181818181 292929292 707070707 818181818 929292929 
90 
161616161 272727272 383838383 494949494 505050505 616161616 727272727 838383838 949494949 
141414 141474 147414 147474 252525 252585 258525 258585 303030 303036 303630 303636 303696 363030 363036 363630 363636 363696 369630 369636 369696 414141 414147 414741 414747 474141 474147 474741 474747 525252 525258 525852 525858 585252 585258 585852 585858 630303 630363 630369 636303 636363 636369 636963 636969 696303 696363 696369 696963 696969 741414 741474 747414 747474 852525 852585 858525 858585 963030 963036 963630 963636 963696 969630 969636 969696 
19191 80808 91919 
181818181 292929292 707070707 818181818 929292929 
141 147 252 258 303 363 369 414 474 525 585 630 636 696 741 747 852 858 963 969 
101 121 123 210 212 232 234 321 323 343 345 432 434 454 456 543 545 565 567 654 656 676 678 765 767 787 789 876 878 898 987 989 
131313 131353 131357 135313 135353 135357 135753 135757 135797 202020 202024 202420 202424 202464 202468 242020 242024 242420 242424 242464 242468 246420 246424 246464 246468 246864 246868 313131 313135 313531 313535 313575 313579 353131 353135 353531 353535 353575 353579 357531 357535 357575 357579 357975 357979 420202 420242 420246 424202 424242 424246 424642 424646 424686 464202 464242 464246 464642 464646 464686 468642 468646 468686 531313 531353 531357 535313 535353 535357 535753 535757 535797 575313 575353 575357 575753 575757 575797 579753 579757 579797 642020 642024 642420 642424 642464 642468 646420 646424 646464 646468 646864 646868 686420 686424 686464 686468 686864 686868 753131 753135 753531 753535 753575 753579 757531 757535 757575 757579 757975 757979 797531 797535 797575 797579 797975 797979 864202 864242 864246 864642 864646 864686 868642 868646 868686 975313 975353 975357 975753 975757 975797 979753 979757 979797 
11 22 33 44 55 66 77 88 99 
1919191 8080808 9191919 
1919 8080 9191 
1111 2222 3333 4444 5555 6666 7777 8888 9999 
1414141 1414147 1414741 1414747 1474141 1474147 1474741 1474747 2525252 2525258 2525852 2525858 2585252 2585258 2585852 2585858 3030303 3030363 3030369 3036303 3036363 3036369 3036963 3036969 3630303 3630363 3630369 3636303 3636363 3636369 3636963 3636969 3696303 3696363 3696369 3696963 3696969 4141414 4141474 4147414 4147474 4741414 4741474 4747414 4747474 5252525 5252585 5258525 5258585 5852525 5852585 5858525 5858585 6303030 6303036 6303630 6303636 6303696 6363030 6363036 6363630 6363636 6363696 6369630 6369636 6369696 6963030 6963036 6963630 6963636 6963696 6969630 6969636 6969696 7414141 7414147 7414741 7414747 7474141 7474147 7474741 7474747 8525252 8525258 8525852 8525858 8585252 8585258 8585852 8585858 9630303 9630363 9630369 9636303 9636363 9636369 9636963 9636969 9696303 9696363 9696369 9696963 9696969 
11111111 22222222 33333333 44444444 55555555 66666666 77777777 88888888 99999999 
181818 292929 707070 818181 929292 
14 25 30 36 41 47 52 58 63 69 74 85 96 
17171 28282 39393 60606 71717 82828 93939 
191 808 919 
9090909 
19 80 91 
90909 
171 282 393 606 717 828 939 
16 27 38 49 50 61 72 83 94 
17171717 28282828 39393939 60606060 71717171 82828282 93939393 
16161 27272 38383 49494 50505 61616 72727 83838 94949 
10101 10121 10123 12101 12121 12123 12321 12323 12343 12345 21010 21012 21210 21212 21232 21234 23210 23212 23232 23234 23432 23434 23454 23456 32101 32121 32123 32321 32323 32343 32345 34321 34323 34343 34345 34543 34545 34565 34567 43210 43212 43232 43234 43432 43434 43454 43456 45432 45434 45454 45456 45654 45656 45676 45678 54321 54323 54343 54345 54543 54545 54565 54567 56543 56545 56565 56567 56765 56767 56787 56789 65432 65434 65454 65456 65654 65656 65676 65678 67654 67656 67676 67678 67876 67878 67898 76543 76545 76565 76567 76765 76767 76787 76789 78765 78767 78787 78789 78987 78989 87654 87656 87676 87678 87876 87878 87898 89876 89878 89898 98765 98767 98787 98789 98987 98989 
1717171 2828282 3939393 6060606 7171717 8282828 9393939 
16 27 38 49 50 61 72 83 94 
131313 131353 131357 135313 135353 135357 135753 135757 135797 202020 202024 202420 202424 202464 202468 242020 242024 242420 242424 242464 242468 246420 246424 246464 246468 246864 246868 313131 313135 313531 313535 313575 313579 353131 353135 353531 353535 353575 353579 357531 357535 357575 357579 357975 357979 420202 420242 420246 424202 424242 424246 424642 424646 424686 464202 464242 464246 464642 464646 464686 468642 468646 468686 531313 531353 531357 535313 535353 535357 535753 535757 535797 575313 575353 575357 575753 575757 575797 579753 579757 579797 642020 642024 642420 642424 642464 642468 646420 646424 646464 646468 646864 646868 686420 686424 686464 686468 686864 686868 753131 753135 753531 753535 753575 753579 757531 757535 757575 757579 757975 757979 797531 797535 797575 797579 797975 797979 864202 864242 864246 864642 864646 864686 868642 868646 868686 975313 975353 975357 975753 975757 975797 979753 979757 979797 
14141 14147 14741 14747 25252 25258 25852 25858 30303 30363 30369 36303 36363 36369 36963 36969 41414 41474 47414 47474 52525 52585 58525 58585 63030 63036 63630 63636 63696 69630 69636 69696 74141 74147 74741 74747 85252 85258 85852 85858 96303 96363 96369 96963 96969 
17171717 28282828 39393939 60606060 71717171 82828282 93939393 
