39 8
273 569 334 372 397 671 514 1000 819 710 10 82 757 90 621 91 150 123 686 952 471 189 939 806 996 220 114 795 374 340 493 799 762 857 497 396 330 770 769 
282 186 308 256 582 621 4 991 427 769 28 827 633 209 634 34 693 698 517 80 386 384 658 133 727 89 270 378 528 378 205 212 497 873 210 191 288 515 831 
14 539 302 919 42 138 314 907 170 902 420 802 778 762 155 636 975 425 366 809 313 416 485 333 418 270 200 487 22 769 837 635 619 226 398 668 604 4 761 
502 816 672 170 939 272 693 270 860 993 695 849 986 815 557 427 21 523 455 399 565 366 64 284 983 294 288 223 35 192 382 360 884 239 636 940 679 499 26 
75 648 654 800 315 273 499 222 813 99 920 999 918 522 246 829 152 717 782 918 626 132 662 432 54 21 725 889 170 663 35 458 281 288 980 628 450 189 390 
228 849 673 25 843 957 24 327 497 34 875 852 467 439 190 512 626 547 616 354 919 748 580 631 924 200 342 252 996 695 679 456 701 577 813 813 325 628 853 
913 43 192 234 295 520 943 562 340 517 679 647 927 214 546 307 912 208 440 104 541 719 939 271 768 851 867 96 981 12 27 681 251 523 652 610 696 515 96 
488 690 432 122 288 804 351 884 311 445 870 977 376 407 701 516 845 807 430 425 833 16 328 466 766 925 538 805 787 127 662 380 256 515 548 612 220 136 137 
67 175 671 551 619 924 204 79 748 705 692 196 785 842 431 930 938 18 464 999 106 284 219 256 186 114 871 280 253 395 564 76 309 834 134 666 238 253 74 
684 634 203 952 527 317 673 530 633 953 935 500 362 381 358 861 362 889 357 989 892 214 197 751 65 579 113 89 480 843 138 417 972 389 882 290 574 524 847 
640 181 169 899 608 396 517 769 196 899 851 170 742 960 493 586 154 695 294 956 432 263 968 93 122 632 983 567 747 570 670 156 809 15 760 647 5 412 2 
781 929 19 575 625 409 69 691 417 252 718 85 659 164 369 518 364 941 743 63 42 307 754 923 128 415 502 48 802 779 34 388 626 19 35 853 146 679 418 
241 123 550 119 799 406 997 694 462 168 809 81 725 371 361 214 979 795 87 170 640 342 193 430 59 40 683 418 621 509 343 215 405 336 40 505 966 196 978 
444 134 761 222 118 49 810 406 814 902 156 484 244 287 593 383 617 535 494 928 336 567 610 138 749 281 424 273 180 633 222 100 141 704 599 702 487 795 662 
881 731 356 716 284 107 263 772 662 618 632 965 555 421 595 232 440 83 563 27 593 145 223 492 227 849 635 410 790 979 243 424 331 988 301 715 191 607 983 
983 982 770 998 933 84 162 521 280 496 129 13 984 298 559 450 134 398 942 758 889 57 619 585 640 475 82 65 897 934 985 151 146 934 719 881 310 362 46 
681 242 962 808 758 944 777 278 705 164 757 574 739 237 93 53 461 278 442 123 808 974 264 943 615 605 751 659 361 584 494 954 859 494 439 886 990 987 913 
86 596 717 161 976 841 926 746 396 800 122 1000 2 987 697 959 579 207 751 841 630 119 906 839 460 752 299 631 910 733 697 376 160 179 746 34 461 624 92 
657 453 136 843 788 452 960 252 48 221 975 169 251 911 129 237 550 302 806 739 114 733 610 162 326 675 727 396 511 348 784 447 722 658 294 3 622 451 385 
861 358 820 951 491 901 398 737 737 802 912 454 316 174 757 79 973 716 664 494 624 369 37 313 902 396 906 779 512 727 822 980 717 502 792 79 541 888 227 
885 70 28 648 41 583 974 461 428 692 58 157 417 281 23 704 35 106 624 21 309 403 431 933 603 747 819 713 288 423 716 151 583 404 452 800 893 52 544 
870 7 613 351 44 416 566 762 142 910 979 373 524 822 291 5 232 172 153 203 624 488 200 992 928 901 106 553 584 788 514 628 782 73 305 851 213 860 798 
50 382 194 641 404 326 701 450 362 408 673 869 342 188 504 217 269 169 49 354 603 142 253 187 772 615 642 71 608 174 563 186 758 537 207 252 500 803 545 
270 286 765 225 32 413 301 913 242 738 487 530 754 899 548 959 101 533 25 98 953 228 905 327 290 630 797 942 707 702 723 172 496 968 613 476 50 848 20 
505 163 464 348 448 955 225 569 100 481 274 283 658 189 271 542 398 22 587 596 613 336 842 87 381 224 544 650 210 603 174 560 218 684 918 759 507 572 693 
134 315 831 64 133 904 597 394 683 778 182 421 982 878 273 239 518 116 438 487 507 507 571 872 369 43 932 749 737 707 191 901 866 156 79 82 471 950 422 
204 554 842 457 331 545 383 623 541 873 609 10 677 737 815 337 749 752 347 853 477 913 184 434 708 549 463 272 678 434 274 419 638 843 253 584 926 655 450 
994 118 399 4 627 937 130 878 790 566 244 20 813 261 463 370 662 296 663 988 44 844 469 958 611 888 932 357 491 454 760 157 961 895 40 661 635 196 25 
344 18 946 77 397 997 206 339 297 667 105 849 699 913 981 104 377 453 937 599 713 922 802 618 490 374 827 900 924 728 557 603 621 917 466 339 494 476 751 
806 365 817 297 978 548 520 129 643 42 443 722 315 329 277 34 999 960 279 120 780 585 722 229 594 253 583 494 887 79 444 281 207 735 912 357 779 400 89 
967 471 763 811 810 249 197 771 319 518 215 533 238 175 117 787 132 269 849 847 957 664 600 979 819 662 237 23 799 442 637 499 584 515 179 758 954 728 989 
814 537 104 431 656 206 742 278 746 289 444 615 815 504 151 489 211 30 372 464 191 391 626 556 752 707 248 298 523 466 240 129 860 903 460 688 975 304 63 
437 774 132 16 825 557 342 147 858 226 217 80 913 496 925 608 974 430 241 221 960 780 449 505 721 254 42 834 362 20 603 652 787 864 503 656 349 649 936 
220 571 392 862 306 606 450 448 366 81 6 962 994 301 239 727 868 86 227 289 90 893 357 664 717 126 200 879 884 661 405 773 794 941 271 314 419 705 605 
336 339 127 72 285 743 593 581 454 904 526 597 781 565 857 219 606 624 776 550 383 461 295 640 366 294 958 469 335 330 897 712 686 823 734 571 802 653 172 
990 267 349 258 834 134 210 894 646 806 671 504 801 540 530 621 905 18 535 600 20 93 495 774 797 386 650 280 337 978 755 207 618 833 332 251 763 67 522 
708 414 895 617 61 195 289 243 374 721 523 261 57 306 627 915 455 618 115 973 124 784 453 322 696 656 141 212 919 24 708 540 140 498 298 383 345 858 204 
528 586 648 230 145 739 296 154 669 430 672 42 944 538 985 506 472 8 498 370 277 664 217 362 80 556 915 231 280 771 39 269 930 657 446 517 554 500 613 
298 381 250 726 126 105 546 596 290 407 40 270 790 440 29 990 437 342 461 418 165 852 971 570 573 769 819 379 480 16 414 235 786 987 835 982 352 234 83 
