29 1
567 590 141 161 844 613 878 516 999 424 957 829 572 489 938 916 907 600 214 542 524 232 256 522 968 169 446 959 962 
607 879 537 6 220 711 36 561 394 538 824 570 844 524 742 302 621 985 201 290 664 224 616 461 993 893 51 115 68 
559 516 154 486 463 577 790 160 387 223 56 867 514 225 887 952 81 217 373 111 901 509 405 739 113 942 907 347 482 
93 997 180 801 543 600 838 586 35 63 172 779 553 23 440 398 758 790 350 322 285 502 151 535 792 284 153 161 711 
102 765 711 239 797 522 620 887 255 696 734 568 511 847 229 419 553 41 742 567 968 165 216 307 643 685 319 176 504 
298 312 211 519 327 388 722 939 404 968 885 996 612 283 239 136 913 354 164 891 742 377 509 653 428 699 130 139 801 
804 664 256 167 549 915 253 633 440 182 695 507 532 896 633 50 499 289 249 858 970 997 55 367 329 776 387 701 211 
395 262 108 664 662 205 814 593 159 865 731 452 433 882 576 737 841 437 459 228 293 707 842 933 310 380 956 436 503 
492 679 928 766 749 660 689 755 397 433 900 998 74 117 288 398 91 953 511 895 840 733 439 772 141 785 834 590 435 
229 427 931 135 586 993 162 727 963 560 630 354 510 662 281 528 40 772 403 762 816 750 723 435 986 989 885 799 511 
698 45 250 890 149 243 725 782 360 64 20 967 541 384 979 599 807 111 571 890 544 721 880 171 390 317 741 312 315 
201 937 372 125 444 483 860 36 496 52 692 643 671 381 378 16 56 417 154 535 153 708 580 363 727 204 860 566 388 
510 489 284 392 892 320 915 43 486 505 942 386 918 338 499 744 489 578 24 23 427 929 781 791 906 471 110 670 574 
554 920 976 887 508 806 841 543 443 604 425 305 410 308 784 667 809 319 66 952 937 655 836 777 739 682 504 525 833 
553 277 142 61 826 611 175 576 451 37 546 822 464 895 382 840 926 434 490 561 1 678 75 734 187 456 780 768 414 
956 390 996 44 613 605 180 933 610 374 119 905 875 942 975 806 549 389 578 244 257 587 347 639 644 321 1 717 483 
363 800 121 909 948 894 823 149 434 153 89 552 716 776 209 892 474 415 375 506 388 87 294 813 6 517 602 587 82 
754 997 388 462 915 450 376 647 985 249 534 718 979 413 35 522 867 290 567 271 559 955 678 373 281 995 533 804 25 
994 852 214 921 594 355 325 793 787 864 560 708 804 520 784 26 994 683 343 464 662 485 467 117 298 466 799 55 852 
26 652 421 191 342 198 646 734 906 513 946 18 203 222 879 550 34 808 727 193 681 428 319 491 870 48 939 892 62 
283 984 793 308 694 787 1000 218 745 825 991 734 129 254 1000 945 97 601 208 413 278 880 336 933 416 168 762 121 5 
864 728 681 832 398 330 498 458 338 271 663 192 266 598 946 590 661 93 971 41 428 81 632 691 118 255 902 875 427 
651 278 411 939 71 332 454 72 327 892 481 121 818 654 642 761 67 748 854 176 929 881 375 823 131 540 622 369 288 
308 605 496 614 791 649 438 849 742 782 462 767 963 379 250 962 422 519 86 638 60 963 405 803 834 346 538 668 928 
960 698 969 897 31 992 299 977 111 536 566 736 142 544 60 287 310 436 527 224 15 162 62 907 501 325 356 246 131 
701 590 693 671 695 108 435 504 977 169 103 574 473 926 90 329 670 660 847 980 223 537 340 715 963 52 721 595 209 
892 327 833 729 215 906 197 626 783 482 608 733 577 767 52 89 600 139 756 249 912 36 404 987 55 841 362 75 601 
341 684 159 987 538 484 948 679 49 362 745 738 87 320 754 763 281 876 288 70 11 305 831 279 653 911 704 114 288 
932 368 890 480 987 417 953 602 276 671 8 703 764 214 295 857 543 986 551 294 451 574 14 555 15 953 883 371 139 
