12 5
678 407 769 23 414 1 543 538 39 389 356 290 
648 182 94 585 988 762 494 218 502 483 448 666 
754 105 85 96 526 222 965 782 873 107 657 344 
594 81 81 869 412 714 969 252 217 80 769 41 
532 934 780 664 260 654 937 96 366 875 721 836 
681 977 456 726 72 809 560 157 603 833 906 441 
376 563 886 963 81 837 798 203 509 81 341 77 
59 494 741 547 475 774 98 881 336 73 401 708 
956 667 142 589 482 169 316 397 226 10 13 137 
456 763 44 743 22 923 513 249 19 369 718 715 
651 291 336 760 170 896 304 641 980 200 106 792 
662 682 653 754 34 30 988 43 254 84 421 815 
