19 45
64 230 653 865 770 471 6 48 595 488 327 277 324 541 680 991 589 711 272 
946 222 471 184 590 956 979 780 7 263 136 488 197 34 89 936 780 994 791 
963 966 2 106 808 568 670 135 672 458 999 546 598 219 839 845 373 564 29 
265 802 724 491 605 602 228 198 693 772 364 302 364 722 566 422 446 611 496 
742 23 813 152 16 56 394 739 280 883 609 655 823 708 246 339 145 291 340 
155 605 624 226 79 725 982 331 734 224 595 131 847 988 446 806 617 751 490 
339 964 136 698 210 631 225 909 738 475 921 373 294 856 735 562 57 607 185 
76 383 120 742 433 685 780 280 284 668 837 126 119 738 29 120 578 738 92 
557 796 61 902 794 433 137 581 876 908 185 75 720 791 477 42 352 330 291 
975 73 592 190 788 491 240 894 54 64 682 904 6 177 480 696 140 469 999 
84 640 516 622 994 827 723 839 829 582 400 979 892 24 944 835 244 350 703 
708 503 142 688 347 892 638 414 401 817 691 163 936 127 411 878 383 261 190 
706 875 664 723 196 567 361 39 589 812 246 468 426 868 190 543 64 548 503 
618 100 24 227 204 49 52 571 637 459 968 457 406 532 963 820 976 557 532 
496 45 592 804 389 916 451 320 273 792 384 134 776 643 570 301 955 79 586 
258 334 894 491 104 751 234 723 272 612 991 339 642 259 48 353 659 480 303 
684 991 3 569 423 896 136 9 362 743 195 700 189 179 43 358 942 848 470 
346 381 914 965 711 62 386 74 505 463 704 103 70 155 530 553 75 150 731 
245 845 50 119 66 364 553 774 471 732 748 512 870 399 499 104 353 680 54 
