64 72
542 260 632 573 515 967 989 171 169 200 656 851 445 937 279 407 428 314 524 372 328 74 462 174 935 103 588 418 464 154 127 596 496 214 407 371 860 306 497 834 224 853 880 520 127 794 586 466 372 445 108 272 88 100 520 597 716 553 493 754 258 591 960 358 
887 810 866 687 20 260 314 436 29 102 469 870 457 732 579 75 396 844 275 317 25 512 586 723 972 58 96 175 39 184 659 296 723 984 232 504 233 301 591 481 409 506 703 859 819 558 562 121 29 657 714 333 93 183 468 321 359 75 988 95 984 365 265 715 
747 391 426 256 164 468 793 232 620 881 719 129 949 721 80 92 767 588 809 127 826 160 519 221 36 315 457 148 157 135 361 752 209 479 295 590 525 977 695 91 190 373 420 302 703 845 524 540 610 828 638 187 417 828 170 624 900 515 416 645 437 670 379 677 
859 953 847 138 916 989 617 289 383 75 334 916 57 657 63 617 525 130 443 985 873 50 397 27 583 203 776 417 666 553 760 756 418 845 555 444 825 1000 423 122 734 414 918 794 874 61 176 75 986 502 623 209 396 27 721 292 989 930 73 978 194 9 255 923 
877 138 817 804 91 913 290 254 980 300 323 903 603 370 655 730 735 439 275 227 464 135 973 349 454 504 308 519 334 438 696 180 662 145 660 962 908 577 473 646 593 973 629 197 812 536 836 230 717 533 957 159 750 621 297 725 121 527 407 984 446 575 692 589 
539 665 105 878 354 943 5 624 853 626 612 843 725 150 136 591 147 329 856 805 742 910 382 780 103 84 693 533 313 100 162 48 406 291 570 960 629 140 229 581 472 779 441 457 149 445 746 126 211 699 617 181 816 65 227 473 480 594 483 6 537 334 106 588 
733 639 166 65 519 400 33 509 897 439 979 639 246 60 170 745 363 770 50 519 468 559 144 62 604 191 187 227 604 5 301 769 424 348 397 567 231 666 153 1 618 174 787 669 598 580 225 729 261 159 426 268 313 735 453 170 563 571 212 236 891 712 65 751 
961 546 768 755 788 218 566 943 89 274 816 580 838 389 270 887 831 810 641 322 320 882 627 21 412 455 894 985 358 1000 337 830 951 458 406 366 335 50 95 593 271 120 18 314 254 118 978 161 506 154 592 563 577 855 73 135 17 51 194 946 853 748 522 62 
345 260 367 886 440 719 108 269 555 51 433 800 21 736 99 793 917 183 30 317 60 759 584 400 136 358 71 272 343 781 878 407 296 687 404 253 719 36 286 429 679 961 102 950 365 386 627 158 738 842 939 594 97 34 494 769 874 936 110 97 382 562 740 585 
924 500 732 850 443 607 851 288 41 770 224 589 468 84 401 159 607 939 464 921 367 759 686 24 230 299 357 471 176 197 684 989 620 947 191 276 470 520 342 198 546 655 159 59 795 792 342 838 901 233 676 737 439 959 581 86 14 285 254 728 286 427 671 537 
282 371 550 349 78 200 836 574 138 352 732 618 234 572 377 530 732 45 343 468 1 529 917 635 1000 758 241 582 624 942 132 750 540 300 576 100 364 246 727 202 425 84 390 736 25 896 746 171 484 718 393 753 325 774 741 256 469 71 844 31 757 766 115 981 
459 359 125 9 312 668 718 929 591 100 581 871 991 413 1 65 276 85 683 912 107 869 645 827 437 367 593 989 839 866 213 948 447 660 53 772 257 111 58 667 251 671 146 926 149 875 775 44 430 537 764 17 859 935 302 62 656 816 175 583 140 83 25 901 
576 338 377 301 425 865 538 696 526 630 852 789 795 745 707 76 72 491 885 820 980 196 159 808 846 375 439 157 821 433 767 223 958 554 272 956 390 626 30 129 40 528 395 491 649 55 518 193 531 619 149 57 991 283 744 440 302 494 928 270 394 34 432 593 
136 27 843 81 617 962 718 908 921 246 167 122 783 783 7 492 871 616 196 144 764 772 593 936 218 413 882 468 722 953 323 829 231 430 425 700 154 152 795 42 265 384 721 145 389 78 214 203 659 203 754 250 59 576 91 639 824 396 702 206 559 124 288 42 
27 531 210 821 936 44 532 675 903 101 72 776 10 431 795 623 737 891 16 453 755 783 934 189 856 961 946 924 543 660 488 944 348 585 390 669 789 199 281 480 708 814 861 448 847 272 183 345 143 449 637 354 550 889 824 826 252 191 640 47 363 776 625 79 
986 104 782 378 351 49 171 495 217 730 727 39 916 673 353 863 422 668 129 466 330 260 83 390 987 420 736 141 667 633 486 823 4 162 897 142 151 433 873 362 771 314 166 646 121 811 129 971 622 597 5 515 800 211 270 553 236 472 345 831 383 262 396 152 
667 84 711 759 373 296 907 15 453 285 906 813 22 342 576 291 526 612 168 983 784 388 794 51 680 269 275 885 630 336 461 106 512 993 825 551 17 61 802 760 310 924 68 301 226 257 141 49 656 808 450 492 761 383 837 220 271 680 726 520 810 702 632 325 
808 726 302 284 970 489 165 964 125 535 771 852 998 725 512 68 266 841 380 956 29 662 433 228 161 140 667 238 49 849 405 49 566 222 134 176 242 515 148 363 955 677 455 659 722 785 689 467 117 857 181 430 538 630 390 844 5 102 385 921 988 137 53 583 
529 367 473 194 959 180 984 988 824 398 97 595 902 654 521 504 473 21 933 954 825 34 58 666 733 281 168 967 691 869 927 829 480 145 704 450 834 4 911 241 28 611 528 283 394 188 864 962 566 600 252 319 82 559 104 359 239 179 465 458 573 222 923 757 
868 261 299 344 235 842 20 353 63 412 812 794 406 882 652 761 899 272 843 695 85 536 501 956 156 324 651 689 940 11 18 933 949 211 496 420 649 190 172 852 696 224 638 650 801 408 135 885 178 813 642 305 497 163 538 552 852 733 566 939 446 229 195 527 
179 746 929 206 150 258 313 402 200 728 693 354 796 543 568 150 377 256 743 749 104 816 48 74 966 750 138 170 332 971 54 769 53 179 157 982 696 587 930 732 279 860 753 90 959 239 55 973 209 657 172 148 504 512 175 820 108 206 600 789 262 46 436 493 
733 77 668 404 368 900 55 168 213 115 130 794 978 855 13 832 890 327 648 300 490 675 837 613 388 958 504 492 483 830 28 362 953 497 647 184 598 555 33 103 946 477 225 82 196 624 633 344 603 370 283 990 438 600 36 180 655 653 400 351 133 946 294 872 
650 591 205 178 706 320 751 529 229 723 669 786 775 185 652 885 38 916 190 682 75 760 851 547 261 428 234 422 162 819 547 351 264 462 847 459 595 372 946 503 247 421 255 954 761 587 420 736 617 114 336 593 19 266 371 337 526 747 645 513 483 816 106 727 
202 774 307 81 594 991 592 215 224 858 701 850 323 286 763 703 269 375 153 849 236 639 763 238 273 793 201 344 520 482 371 992 146 985 715 86 80 400 283 387 120 651 194 186 517 609 889 500 426 897 770 332 815 503 971 538 599 78 399 852 889 464 54 506 
742 268 663 656 82 696 619 873 95 671 539 122 446 524 244 366 719 136 938 600 500 193 555 125 32 67 430 723 557 819 876 693 911 362 133 729 523 150 278 827 349 279 778 339 176 945 126 140 822 341 641 967 82 149 548 952 908 552 111 558 78 10 404 577 
541 24 575 455 370 907 486 1000 49 931 574 659 817 885 374 32 605 784 792 423 11 988 365 569 995 580 24 710 658 142 286 478 24 273 829 436 550 518 10 744 868 266 591 892 370 539 605 777 213 992 694 410 621 198 663 129 101 760 843 441 90 495 643 621 
487 147 965 487 272 944 467 475 446 789 350 828 955 505 282 247 758 286 115 351 833 674 944 313 233 884 240 769 590 684 210 988 796 246 913 640 936 249 480 208 231 955 602 941 44 719 413 378 624 473 984 886 687 721 258 703 440 607 277 925 653 38 36 700 
317 891 368 607 222 976 521 793 566 548 259 685 532 830 783 706 163 690 924 871 343 283 197 181 970 73 716 52 737 756 175 478 155 730 883 852 770 238 302 677 605 74 162 198 596 126 486 63 230 561 719 74 80 710 663 225 575 683 476 816 344 447 533 569 
685 362 473 287 267 90 152 605 234 595 77 599 605 534 469 185 418 965 617 15 67 997 874 149 511 397 942 792 867 590 21 356 949 252 82 272 826 229 174 455 310 431 239 992 740 854 449 568 55 878 491 198 57 774 590 863 537 430 889 540 586 842 168 521 
561 48 582 383 607 990 785 404 961 463 733 393 844 64 924 612 741 693 444 271 920 850 113 577 846 487 557 604 365 499 509 879 339 724 6 412 194 118 944 228 515 291 417 802 340 545 237 13 275 434 741 402 184 136 829 634 438 135 578 672 723 264 660 541 
369 283 849 367 291 228 459 72 107 306 2 435 771 556 508 300 731 76 804 440 195 489 665 674 49 359 281 488 765 714 14 453 171 979 767 705 417 650 378 838 538 460 433 956 106 527 938 367 915 156 291 447 183 636 94 937 847 239 457 404 715 600 42 926 
75 325 345 864 750 277 598 335 648 427 44 245 593 762 270 176 140 697 482 472 269 714 667 31 807 110 291 60 685 547 760 104 607 392 94 197 584 951 558 436 13 668 870 166 904 974 792 517 150 516 119 244 389 498 712 92 875 564 126 8 371 122 728 659 
337 276 222 577 800 920 242 612 713 210 636 264 831 515 337 784 33 989 340 706 671 941 869 392 729 986 538 321 125 998 355 704 495 563 866 555 701 303 715 630 795 27 464 529 749 680 352 200 4 443 281 17 291 99 859 731 554 552 263 445 650 486 56 573 
890 859 553 130 641 861 47 628 45 423 937 474 155 334 757 52 392 535 932 323 80 203 177 581 270 389 430 886 3 611 328 275 761 100 43 56 394 66 929 573 285 727 799 524 202 588 89 998 653 176 751 679 456 894 631 407 532 490 166 522 128 965 441 114 
390 711 489 764 321 189 822 265 4 755 723 317 855 587 426 525 819 303 121 660 489 683 342 575 501 567 223 755 553 851 517 227 487 603 738 902 902 750 968 103 266 882 844 711 509 490 859 185 122 107 587 988 372 491 973 519 74 354 282 663 997 214 452 116 
805 786 334 565 505 838 454 785 334 973 922 545 371 258 89 130 298 341 924 902 344 877 732 501 649 614 254 312 694 333 452 815 600 217 213 835 850 253 913 142 210 451 181 570 536 563 366 112 818 12 764 322 607 346 444 851 594 665 443 445 834 737 503 26 
560 954 8 7 544 130 752 71 396 229 542 60 221 716 945 179 659 385 739 384 639 738 636 31 783 316 81 22 426 753 205 447 413 5 46 826 245 550 995 530 133 10 317 430 762 134 931 747 533 284 874 440 881 836 988 571 590 630 561 522 598 190 164 445 
622 706 816 714 335 1000 138 616 165 59 512 384 847 944 738 832 656 252 352 291 53 296 421 62 361 768 274 35 134 192 302 379 388 880 501 616 710 73 62 953 971 824 65 538 51 611 792 979 444 162 822 719 299 184 934 696 710 73 469 704 865 846 850 51 
647 143 445 156 460 769 886 302 769 848 607 188 536 310 365 634 352 141 626 725 347 201 839 32 222 218 625 585 816 345 353 20 71 368 920 175 488 31 346 717 45 700 163 686 116 322 503 542 805 574 734 453 812 230 225 160 984 666 846 951 827 592 898 214 
372 987 663 191 585 907 419 623 720 667 219 992 960 567 104 280 499 868 346 104 431 21 26 535 822 834 236 288 394 828 349 625 693 919 801 245 432 87 696 509 754 598 193 122 820 908 72 23 562 992 53 252 524 966 957 981 62 466 524 301 829 236 954 613 
683 877 158 290 293 200 777 462 843 132 661 701 639 81 621 546 930 169 142 763 835 634 271 83 1 561 365 142 100 337 666 834 30 828 255 29 320 985 111 169 418 398 126 407 411 464 49 691 970 345 600 644 156 465 538 559 207 912 415 948 294 130 588 81 
86 765 235 77 16 119 385 848 649 548 556 833 782 838 428 897 860 325 800 654 702 842 405 730 216 566 651 533 84 720 297 440 779 239 242 804 7 621 671 850 206 525 79 788 985 630 140 899 974 639 816 3 42 486 64 212 67 828 584 931 566 83 983 832 
236 291 813 257 803 449 514 127 498 65 216 294 908 438 419 339 425 71 184 346 329 60 484 222 538 561 350 924 884 906 848 314 787 985 410 235 501 971 840 158 669 857 486 593 23 734 736 384 828 500 62 91 136 101 480 574 907 886 246 210 837 982 940 700 
102 408 196 220 85 428 356 561 134 453 801 604 689 399 876 570 305 991 844 558 858 320 876 150 191 947 799 468 347 510 81 480 982 208 720 139 426 700 771 15 511 356 233 766 619 721 238 265 710 704 545 51 542 302 345 428 142 911 697 825 684 99 641 132 
571 755 536 904 446 610 415 33 918 631 319 433 414 91 462 133 636 518 646 322 819 806 334 722 247 971 789 395 9 228 836 578 676 206 51 643 255 319 391 725 980 366 755 172 23 845 268 510 411 873 553 875 978 698 371 942 268 342 618 969 66 322 656 728 
915 284 138 933 550 163 883 36 593 136 931 535 521 729 689 725 635 234 604 126 123 783 761 66 931 265 424 323 487 909 639 632 566 427 363 564 379 420 852 742 316 77 169 522 99 588 532 240 340 553 831 475 782 743 119 901 701 235 607 681 791 924 400 169 
486 635 456 545 445 709 801 220 519 350 948 581 300 449 685 120 133 341 889 771 298 434 141 623 546 541 728 251 83 248 100 51 731 397 305 332 806 52 83 140 768 371 677 144 557 974 117 958 287 367 434 844 673 815 299 472 938 262 810 921 587 328 442 54 
324 529 492 598 100 882 824 311 672 579 994 91 654 235 267 248 114 423 746 975 489 23 378 520 84 967 806 795 647 325 442 90 99 798 67 461 392 574 466 606 807 439 397 519 263 945 727 16 894 324 570 125 219 370 473 671 162 16 826 730 495 38 196 831 
550 301 702 795 562 304 993 960 949 207 614 970 640 456 562 652 411 678 577 540 223 503 225 197 850 24 913 724 715 372 809 621 982 157 299 150 146 498 467 444 449 393 532 205 696 295 451 150 952 582 599 846 676 246 585 434 101 400 568 298 10 942 232 100 
899 975 388 760 263 146 730 660 325 768 967 969 928 95 850 797 543 924 397 418 412 369 49 782 834 575 689 885 669 469 426 205 845 922 961 912 923 952 701 343 631 426 431 452 721 199 528 481 406 383 426 615 613 205 193 10 939 6 867 667 172 81 965 542 
27 887 936 734 252 725 77 293 160 952 597 528 808 288 28 921 806 128 838 711 584 804 138 484 342 636 622 278 279 81 435 712 230 854 931 409 731 449 633 142 671 417 64 819 816 985 510 975 742 886 409 961 749 86 779 102 172 506 402 797 173 110 732 988 
671 526 185 803 728 747 689 353 198 990 896 399 952 19 374 258 720 874 916 69 884 611 860 126 597 840 584 519 160 519 62 168 604 167 939 227 194 883 877 761 739 558 781 555 79 62 869 522 674 99 758 259 420 346 902 190 217 957 240 726 126 533 179 422 
717 763 288 209 739 531 606 491 800 570 408 254 414 657 786 584 349 594 800 363 607 667 736 220 672 665 600 609 848 15 915 213 508 623 328 493 321 1000 899 272 387 193 553 218 525 989 694 90 689 415 297 269 347 359 738 746 569 798 826 648 222 238 644 908 
671 550 547 40 253 13 21 432 477 692 526 846 100 417 775 57 678 873 737 9 897 310 133 359 789 745 5 931 728 650 520 869 175 902 362 256 967 928 314 363 781 819 729 290 714 942 224 797 732 841 232 136 633 583 383 251 645 853 458 602 269 34 774 895 
420 527 884 534 783 513 437 826 53 813 25 846 297 203 774 759 306 678 359 112 282 651 571 981 254 328 360 717 798 119 719 778 382 66 153 714 372 177 587 875 243 242 510 98 663 249 243 149 593 537 621 618 230 625 782 639 707 562 351 548 459 40 906 982 
469 415 602 317 295 968 46 168 40 164 601 775 445 1000 526 81 218 825 450 87 675 258 186 216 59 276 231 583 212 38 271 963 592 29 662 613 697 877 101 959 172 192 249 123 699 551 759 729 146 743 439 861 474 478 494 696 405 214 33 526 905 296 222 849 
169 85 621 92 839 233 120 338 567 433 263 535 832 638 695 103 12 515 643 270 835 548 731 504 42 607 412 298 738 103 16 64 118 318 1000 152 644 539 783 455 888 13 913 923 838 175 92 809 719 852 278 624 853 212 231 590 2 16 488 729 30 922 988 864 
328 489 478 715 847 476 83 832 840 620 170 648 363 407 561 753 906 562 721 381 442 551 340 739 125 952 6 941 990 626 483 105 654 381 431 612 607 59 788 52 328 431 623 748 408 297 715 206 950 407 811 516 936 589 786 335 914 24 477 964 178 727 923 708 
530 267 628 426 901 249 976 531 758 414 97 17 93 906 252 808 731 704 548 453 256 685 536 595 147 791 37 48 506 608 279 959 282 747 300 423 593 414 809 53 42 792 577 925 658 709 947 959 633 264 628 832 442 680 638 101 638 910 751 655 541 598 828 980 
47 140 839 82 899 793 222 698 294 814 207 930 694 352 817 195 239 989 676 972 422 981 684 967 100 757 610 467 669 360 396 185 929 95 333 867 459 267 464 914 432 287 361 167 450 123 261 884 174 967 707 947 475 709 347 671 821 267 70 379 928 39 885 360 
768 979 31 922 192 891 94 445 810 508 41 524 223 648 151 226 263 383 970 741 2 856 306 527 288 864 980 967 479 346 210 887 907 721 644 607 443 362 984 939 818 796 710 800 498 796 743 253 368 141 104 856 756 53 857 446 263 998 651 790 66 706 128 448 
428 504 277 266 676 247 782 804 816 264 761 317 582 778 534 829 785 704 445 477 375 109 536 403 936 442 787 394 321 415 945 858 913 305 497 692 707 827 217 584 134 512 977 306 666 207 99 419 620 792 25 468 851 935 496 976 76 695 788 466 763 640 509 461 
683 587 496 123 936 949 560 120 139 467 374 751 61 342 94 549 407 919 269 213 66 620 128 572 115 43 751 750 729 262 978 737 26 607 466 784 954 406 627 154 166 546 128 781 432 381 184 348 724 82 64 545 250 427 441 663 292 30 699 599 979 728 826 461 
270 181 224 348 403 166 83 424 56 188 808 810 331 92 112 545 345 76 690 206 757 725 218 857 49 761 281 651 89 967 68 779 174 844 49 933 577 764 599 336 617 858 981 167 662 492 934 930 86 251 892 694 289 289 787 58 560 828 911 227 291 242 265 667 
