86 45
312 23 222 184 398 602 551 887 515 536 690 565 197 154 541 78 572 341 426 322 746 629 199 920 820 472 902 351 777 381 22 206 243 269 753 705 819 472 343 783 914 515 68 395 693 345 981 448 920 287 857 608 783 757 213 942 841 425 464 635 654 806 777 582 482 37 838 119 50 594 646 54 87 323 288 335 704 909 150 161 29 416 493 239 530 611 
406 743 216 250 442 561 314 743 704 682 902 672 795 282 339 576 827 554 354 31 936 826 176 206 854 450 90 574 605 127 514 265 521 889 434 604 682 171 62 634 836 834 15 596 849 857 260 488 165 28 908 184 427 276 770 829 119 435 936 459 299 616 824 486 678 301 926 757 937 239 529 919 420 950 204 547 753 710 112 260 462 340 349 709 777 61 
16 225 415 892 271 846 510 858 35 203 52 19 461 455 256 278 68 124 919 61 798 269 625 439 517 587 197 474 684 774 602 829 162 74 432 876 742 520 774 437 748 39 965 971 750 594 517 840 591 779 783 857 996 120 883 917 588 22 66 534 793 164 814 499 479 217 609 869 637 344 691 976 586 778 720 204 146 308 202 141 497 803 603 608 639 238 
77 216 692 580 213 207 966 901 693 656 32 189 530 469 349 494 229 300 966 900 837 816 873 815 389 205 979 581 26 939 974 535 593 215 526 205 302 374 664 859 351 692 141 918 530 629 982 154 885 505 560 814 517 629 330 107 456 255 252 888 78 898 658 537 341 227 273 1 605 427 226 454 965 199 917 564 395 420 743 125 57 423 831 855 478 980 
557 22 146 788 324 196 534 581 219 14 371 837 374 537 451 718 626 413 77 809 728 912 892 36 249 982 210 854 732 520 353 396 4 410 267 269 925 674 386 275 128 349 330 827 597 540 78 183 16 8 296 121 967 977 469 19 523 613 104 637 774 767 990 991 988 734 994 663 109 648 306 549 193 703 394 557 661 898 943 341 421 55 295 936 818 936 
790 802 230 683 868 581 726 718 454 227 8 931 569 445 188 609 719 931 704 11 643 285 150 964 487 906 41 451 416 862 952 356 504 169 442 935 996 462 379 189 791 994 430 320 63 54 731 274 959 229 746 57 685 842 833 17 60 868 179 867 229 475 138 805 705 792 870 193 514 328 318 386 499 226 566 997 148 201 98 525 883 443 658 169 728 723 
806 730 304 644 852 823 972 87 559 475 170 695 867 522 580 195 615 983 984 515 65 66 329 799 672 865 491 389 342 220 348 1 652 5 1 770 411 848 415 978 264 23 196 253 960 601 884 118 901 580 712 575 519 784 404 32 862 566 304 2 646 161 185 412 284 372 153 365 153 317 461 235 557 496 989 732 549 886 249 355 296 935 753 469 927 110 
846 588 563 525 520 643 291 185 944 731 334 590 511 438 13 846 309 147 461 406 742 514 676 146 563 896 481 506 237 380 625 621 887 354 768 333 557 720 173 634 695 704 457 580 506 350 32 435 761 970 329 194 864 336 323 692 314 774 624 908 667 381 663 667 128 260 420 510 277 529 59 326 343 345 869 653 788 115 962 93 216 1000 768 459 442 821 
346 148 53 684 684 990 835 128 726 450 231 432 24 505 298 253 894 157 625 871 43 353 220 797 658 371 370 500 178 729 547 947 474 682 934 900 182 223 445 396 841 178 998 39 340 693 915 430 261 869 571 538 475 153 114 654 153 670 823 472 449 997 237 40 379 311 709 892 822 7 417 387 278 369 987 913 687 146 871 714 849 680 887 802 684 915 
766 524 118 165 703 186 259 646 479 85 836 290 192 637 403 975 887 579 109 857 432 229 337 328 896 114 57 190 36 391 679 969 920 601 866 344 970 883 312 756 225 882 565 492 800 311 749 381 207 877 887 785 324 829 428 936 933 526 926 237 849 232 563 803 768 195 348 471 721 307 337 567 411 423 160 27 245 898 406 947 945 537 500 610 790 55 
45 58 606 198 832 279 224 62 161 832 487 275 693 427 578 402 86 552 884 979 619 626 143 350 475 553 117 935 547 563 256 292 71 708 291 265 630 779 192 817 89 936 931 392 668 331 302 687 334 574 247 16 582 790 407 586 854 774 956 567 197 188 281 356 944 600 44 216 280 514 313 169 218 619 477 220 682 919 718 579 881 658 777 44 330 337 
11 31 159 114 908 280 97 110 953 102 56 373 905 659 384 339 515 294 212 850 878 781 783 168 480 70 785 291 507 768 550 858 69 149 334 237 871 579 464 728 496 588 664 363 594 554 715 886 558 103 992 524 940 524 194 669 78 584 891 121 149 940 107 561 755 300 810 504 955 16 994 522 198 140 208 531 48 749 692 99 266 781 38 233 81 177 
244 22 366 585 74 260 631 735 737 895 311 420 811 970 490 335 486 748 179 591 455 68 953 212 369 3 599 481 317 194 539 196 972 908 498 736 228 445 330 147 47 386 111 412 818 315 18 864 380 975 391 205 430 95 678 262 210 397 45 320 590 622 164 780 523 550 457 975 505 875 604 590 590 645 61 150 103 220 533 514 293 618 155 54 948 122 
40 340 320 626 460 693 105 357 323 859 680 484 130 204 850 446 263 529 789 285 432 544 961 755 242 391 713 333 853 410 314 127 837 6 211 880 533 263 437 704 831 639 404 791 399 600 463 447 97 620 477 772 96 939 177 923 568 877 535 857 166 816 623 14 87 708 34 361 782 357 650 126 954 753 63 630 47 539 335 861 812 567 894 345 221 718 
94 649 385 317 832 237 447 785 532 77 485 709 350 117 561 112 833 783 939 185 360 169 690 436 483 368 630 729 919 557 111 3 81 327 548 334 780 833 806 333 648 614 710 931 358 202 820 632 98 227 482 270 480 192 472 909 946 41 689 356 72 271 598 880 529 204 825 746 730 550 725 980 141 8 892 412 899 290 113 525 116 11 727 234 710 724 
441 612 253 414 108 742 514 895 882 174 551 297 272 415 906 835 282 214 968 180 142 545 220 525 750 598 48 542 570 883 979 404 941 634 723 186 223 376 581 917 531 517 355 245 89 630 477 448 855 258 347 369 20 842 978 201 485 237 309 693 51 450 390 881 917 103 5 746 818 561 248 66 873 205 636 384 229 31 483 230 955 377 750 583 534 167 
469 320 829 952 876 262 498 751 920 113 911 882 931 416 125 259 900 221 141 574 883 978 322 842 603 28 622 35 441 454 908 807 396 33 662 368 981 747 152 186 953 142 764 805 428 907 896 244 256 966 861 927 71 220 217 943 158 770 32 200 474 79 350 331 335 965 696 773 647 804 699 578 48 552 685 206 145 932 259 717 285 270 162 841 969 229 
747 797 411 697 424 576 628 713 748 267 40 587 475 958 386 248 348 336 637 469 712 926 521 57 862 694 523 876 5 325 904 821 190 293 731 591 640 602 5 541 974 423 132 683 607 221 272 359 220 756 25 335 719 773 557 85 801 847 449 304 716 960 157 973 275 135 893 318 816 760 965 210 348 31 414 814 604 592 630 345 417 486 228 134 640 595 
740 205 388 968 416 923 385 997 336 588 715 147 850 982 222 192 126 992 407 443 324 618 738 376 815 807 725 294 597 928 549 671 47 843 384 664 183 644 771 722 72 498 669 41 658 302 427 619 125 623 901 826 942 745 649 77 432 575 679 68 661 791 813 555 318 278 995 969 150 923 929 161 717 768 744 648 316 542 367 424 165 768 31 773 757 227 
577 703 420 644 494 47 124 178 399 533 576 558 183 497 663 761 981 304 721 549 302 385 929 742 810 801 699 18 446 228 897 335 827 997 433 395 372 128 793 250 109 398 173 820 586 753 632 237 414 648 249 761 614 556 776 23 589 372 674 661 313 951 129 421 533 745 919 214 192 23 652 318 574 678 486 431 62 592 449 975 780 729 264 180 704 353 
546 584 134 571 592 610 943 661 397 381 200 393 351 340 354 868 790 166 26 636 611 455 682 992 843 143 767 978 748 583 508 784 798 97 711 260 981 8 634 360 287 656 629 198 457 246 634 847 775 195 761 42 971 349 733 47 718 990 823 404 941 369 482 49 501 387 414 575 626 927 665 470 253 301 987 615 524 331 96 567 742 579 443 630 15 495 
185 974 385 307 300 216 644 635 762 627 31 517 941 390 871 599 995 1000 927 76 505 142 97 619 484 757 772 808 32 177 911 744 525 109 28 431 78 124 913 172 932 191 635 863 819 79 11 185 570 846 582 893 17 705 975 902 222 961 584 914 857 123 154 333 385 372 9 9 174 576 59 700 560 461 738 882 407 756 439 540 13 256 898 673 418 506 
983 829 254 611 539 240 76 483 496 968 149 106 557 1 666 294 186 563 430 117 171 573 131 499 34 681 700 365 426 880 739 247 273 743 205 563 637 442 914 475 714 744 417 241 83 143 467 196 424 874 239 350 870 480 550 429 701 87 687 662 894 56 774 368 948 453 145 952 53 720 196 49 840 990 701 55 97 252 322 476 922 368 969 546 717 459 
520 97 136 862 15 755 671 291 986 279 672 157 131 572 835 355 344 430 697 424 801 717 591 223 573 524 323 709 749 903 462 447 729 865 522 110 402 604 765 216 599 426 135 753 436 101 209 866 848 42 902 928 661 283 358 192 398 540 593 26 692 814 497 619 1 523 371 792 785 57 360 312 973 923 46 65 10 572 268 157 794 581 790 614 210 624 
902 144 571 158 956 838 892 183 391 768 688 136 916 99 620 314 975 297 765 224 608 75 791 600 519 141 104 246 258 217 358 38 366 374 398 49 125 361 127 641 120 229 742 272 949 151 740 230 610 741 765 450 347 1 930 459 103 809 761 207 994 473 930 635 767 954 854 852 140 276 388 102 995 114 484 235 749 229 727 710 602 756 62 224 279 914 
26 539 343 161 884 366 405 742 735 416 296 36 443 176 528 118 650 364 41 615 296 528 925 772 383 850 463 765 344 212 213 887 129 817 197 813 891 132 228 313 331 269 554 549 500 901 842 655 571 652 153 469 627 697 37 452 722 794 344 736 132 740 444 383 270 925 729 390 29 184 686 937 424 666 477 501 731 179 425 352 22 470 636 955 294 788 
972 334 442 877 573 949 776 713 598 794 697 79 949 363 146 868 27 526 701 966 480 442 671 825 878 527 859 746 665 969 943 282 874 409 222 717 816 461 230 467 784 209 106 151 270 445 690 870 293 920 833 883 83 470 920 233 593 503 618 527 361 112 288 699 912 133 957 120 447 711 276 610 140 874 873 60 982 731 941 544 546 888 710 15 447 528 
678 457 449 989 587 447 948 367 407 526 510 355 225 479 946 75 764 486 594 504 662 919 13 789 475 744 338 894 363 315 140 568 210 362 422 163 966 256 825 494 446 525 419 386 353 306 738 849 909 406 562 200 513 192 699 571 773 367 550 560 344 86 905 855 682 779 905 592 707 363 32 566 380 422 112 930 349 465 350 570 990 955 18 764 754 159 
551 38 73 740 782 976 189 290 359 964 255 510 922 308 443 759 250 197 17 450 84 387 205 243 720 318 657 453 965 923 858 756 185 461 752 465 961 85 810 469 525 552 226 626 680 968 556 558 335 318 301 41 624 854 593 209 957 787 317 724 889 333 47 575 162 424 19 876 735 368 407 56 532 281 257 934 484 227 575 990 247 166 704 203 812 586 
937 124 47 915 818 792 839 347 994 487 378 288 144 582 546 623 92 835 988 897 773 979 357 134 549 409 656 759 298 839 215 768 341 329 382 485 768 952 118 708 588 557 208 28 769 623 391 420 730 478 604 456 335 809 884 663 972 285 805 192 755 198 193 46 358 291 226 826 375 773 54 392 163 665 365 860 828 79 993 183 863 241 964 556 334 439 
137 720 790 210 876 642 579 657 363 695 58 593 553 40 447 255 233 1000 273 579 736 81 395 997 862 103 252 267 598 343 993 159 747 672 161 130 229 523 106 701 901 448 658 938 678 850 393 670 565 363 453 722 82 66 69 698 534 692 642 822 903 272 602 223 603 512 231 108 330 101 504 949 702 739 127 383 87 445 683 26 682 705 918 799 338 967 
585 703 338 998 687 56 458 880 816 160 848 463 287 863 280 184 542 360 991 623 879 640 909 403 854 603 9 179 870 475 81 481 977 802 858 694 565 170 709 478 123 698 187 141 673 396 898 891 282 557 712 388 316 237 679 307 811 880 994 400 188 460 295 383 644 523 701 611 130 555 744 690 75 837 579 627 341 435 565 654 693 437 904 483 981 590 
573 821 56 842 108 144 736 122 835 993 50 132 500 813 688 421 596 685 824 312 241 624 66 220 380 913 272 168 791 50 705 2 177 386 391 209 847 115 362 415 733 943 27 395 910 756 294 862 633 709 122 365 948 836 234 182 541 725 113 350 462 628 2 130 945 521 982 741 733 178 826 945 663 410 703 50 844 593 147 863 934 557 17 434 965 359 
749 106 424 920 682 623 189 214 63 982 277 290 63 629 539 428 872 674 166 881 38 871 773 172 505 992 683 794 925 768 348 218 961 361 814 877 738 362 339 970 368 454 678 302 696 339 836 586 692 912 733 389 897 298 426 963 231 705 474 838 862 279 176 364 903 200 599 281 872 144 1 983 773 794 59 243 315 301 982 66 230 92 954 276 134 117 
555 672 477 41 72 880 372 454 786 446 895 770 610 902 46 353 590 574 654 137 278 116 415 988 57 519 110 301 365 968 278 7 167 930 75 698 584 192 904 215 73 270 633 798 552 283 51 805 11 150 67 204 756 158 324 304 470 678 405 445 375 129 618 687 63 530 73 490 592 823 432 984 422 342 566 899 536 281 743 356 191 887 284 372 399 995 
970 960 885 49 169 314 32 805 344 382 834 422 967 50 248 900 838 690 8 862 356 42 315 295 578 61 83 817 793 366 447 490 345 334 453 991 908 589 559 54 946 284 793 792 238 434 417 95 992 229 264 652 117 315 49 37 844 18 663 205 66 501 316 124 809 376 887 328 340 766 53 708 742 552 579 216 812 281 835 625 440 304 414 2 407 462 
305 67 661 521 698 242 488 512 60 384 786 703 690 349 403 765 17 749 422 924 321 196 66 353 877 17 21 517 937 896 540 275 523 418 517 603 213 512 193 718 682 70 532 739 87 197 479 89 596 99 969 30 707 703 129 296 96 111 406 42 105 244 739 201 320 737 429 104 255 296 998 792 980 62 904 108 629 480 938 364 109 829 967 311 376 94 
271 879 147 60 869 256 215 584 979 578 184 217 779 527 897 569 704 830 3 17 820 705 589 270 827 332 749 252 135 407 832 427 54 686 631 22 281 271 819 451 918 324 10 824 320 417 234 235 326 744 134 902 337 627 799 32 178 626 116 527 187 230 300 452 948 725 251 544 810 703 492 774 195 480 103 376 565 287 387 591 559 566 701 765 272 243 
114 390 471 694 449 822 506 660 28 316 643 587 424 407 992 671 603 408 898 205 175 465 928 151 268 932 85 215 138 663 111 423 878 198 170 407 165 689 4 616 287 856 810 986 670 709 427 33 776 905 331 781 808 993 891 529 276 410 799 732 283 731 336 7 765 706 419 223 783 385 193 683 678 610 801 288 380 625 83 379 426 745 246 374 229 410 
765 679 372 642 276 509 152 185 866 341 932 625 346 484 1000 781 722 21 217 41 183 678 659 108 224 38 225 569 379 737 604 244 925 56 235 171 846 290 402 250 612 503 798 291 759 119 919 62 997 454 551 6 278 227 714 956 714 610 871 480 682 742 206 797 885 155 642 237 284 243 560 229 624 310 337 273 218 944 517 187 795 614 48 592 549 129 
162 747 786 894 81 743 252 149 482 687 452 977 88 472 46 815 332 738 781 850 549 298 963 663 945 196 492 100 333 279 980 694 26 833 734 196 369 13 239 838 753 377 802 954 94 973 572 415 59 169 795 411 691 255 219 563 229 369 297 714 358 475 235 587 739 180 152 858 503 714 708 272 282 804 639 325 739 995 287 268 727 995 442 553 275 262 
656 821 798 139 712 830 794 821 195 592 605 998 766 889 507 126 404 804 438 287 571 532 360 723 293 947 728 231 866 571 372 833 396 965 494 945 147 257 874 812 954 149 335 879 138 105 732 458 357 674 764 154 502 749 781 35 911 687 94 206 43 499 79 640 541 643 797 235 536 538 318 409 825 746 281 117 890 522 250 917 745 938 909 45 936 193 
921 741 909 71 263 791 13 103 211 585 413 391 594 610 417 259 172 34 568 294 973 930 248 659 926 567 726 308 233 681 209 280 653 809 576 802 86 170 416 192 681 966 10 561 646 140 693 202 975 737 392 59 808 470 267 309 416 936 678 383 967 789 489 162 408 669 574 705 281 839 724 237 352 775 550 696 657 980 332 656 517 262 255 655 597 39 
602 464 863 481 960 812 216 945 545 799 643 379 857 188 977 839 778 752 185 162 1000 389 666 127 597 181 383 47 799 819 786 951 207 620 204 586 76 667 259 270 207 46 69 227 519 83 477 521 176 751 860 745 8 656 425 55 658 769 948 462 879 174 999 61 169 777 398 25 49 604 17 659 676 568 191 659 178 806 421 13 192 451 848 531 902 561 
791 851 978 220 845 35 334 466 733 74 640 671 198 344 353 935 817 857 449 765 537 53 361 124 931 292 624 108 645 225 530 128 796 916 853 533 729 220 918 253 892 701 836 773 75 174 907 556 396 150 620 5 890 481 347 694 693 109 874 410 773 226 188 892 343 889 715 445 513 707 366 520 251 734 109 60 598 380 847 250 594 836 655 927 58 405 
866 60 107 296 940 853 6 94 84 350 513 794 757 964 668 271 166 835 298 45 340 476 287 984 525 386 426 594 313 373 643 523 325 582 678 694 656 900 680 85 946 46 25 895 305 834 923 225 717 654 91 747 775 5 221 709 742 220 84 577 186 221 266 154 116 44 85 758 685 216 620 848 182 716 472 537 520 767 262 200 637 784 395 799 263 62 
273 432 280 896 98 320 1 320 274 851 615 45 418 952 755 273 441 494 416 608 390 143 394 746 460 364 758 923 621 705 948 105 802 963 140 909 473 599 784 254 873 324 646 842 98 52 962 743 784 63 489 697 186 145 752 725 317 741 126 349 511 50 111 324 193 573 467 109 20 271 390 111 991 680 713 276 31 683 233 802 545 756 455 9 140 56 
480 926 427 52 6 999 57 425 326 112 621 926 459 462 793 270 275 714 45 252 304 840 457 940 562 129 411 236 820 454 14 699 604 542 100 712 878 625 820 270 3 133 55 383 694 57 416 543 727 393 315 538 124 849 560 304 309 373 95 327 302 297 365 442 442 500 208 66 902 170 536 802 684 91 183 463 34 638 458 111 634 210 264 961 91 38 
394 30 128 686 796 246 71 689 236 430 916 2 416 616 223 860 348 548 675 585 252 918 489 764 127 544 949 198 453 641 806 726 658 150 812 724 811 208 277 672 232 190 777 446 107 796 199 341 809 348 951 24 766 125 817 117 270 257 454 660 161 91 622 354 222 544 681 111 619 821 290 564 212 954 377 273 994 270 872 382 806 587 248 785 791 155 
228 31 375 138 70 406 229 518 569 714 599 637 192 742 565 854 157 414 830 339 131 891 277 556 800 335 708 728 670 513 108 776 377 427 876 460 478 442 984 362 897 22 172 396 863 483 177 306 910 318 222 735 289 676 179 640 921 440 986 243 688 59 64 916 672 577 539 734 260 49 315 152 837 542 501 565 47 700 78 569 29 492 93 81 234 812 
485 970 225 56 521 452 536 542 25 200 433 945 308 856 529 475 598 415 300 193 556 273 929 498 149 195 209 808 627 390 110 146 698 616 82 897 65 452 118 49 615 411 964 274 304 195 534 8 768 839 416 248 174 887 59 949 989 737 596 953 343 456 965 567 883 348 147 793 81 418 96 941 715 30 785 966 750 198 354 368 17 505 64 867 606 87 
55 932 295 370 86 40 706 382 144 699 127 629 452 465 370 71 271 314 533 464 96 307 48 161 596 82 795 491 268 562 738 634 596 529 250 199 253 230 284 352 357 902 775 84 317 984 139 905 507 464 764 281 617 402 235 157 774 576 107 272 804 965 402 831 962 786 831 791 122 872 819 327 845 40 195 32 974 776 541 35 268 727 128 281 980 778 
993 265 695 384 452 477 896 59 999 758 568 24 501 106 469 137 466 578 752 944 546 953 407 151 63 578 83 174 371 121 802 781 178 181 767 938 116 436 520 717 641 343 592 835 517 336 215 80 247 690 519 719 245 791 512 543 906 968 846 614 258 920 377 409 749 913 998 712 411 172 796 932 311 291 345 474 695 530 334 876 363 789 416 438 731 883 
169 734 606 948 751 823 352 30 754 248 611 710 692 145 674 638 828 277 170 385 435 775 802 967 411 518 117 85 85 906 237 260 10 628 642 806 124 617 467 124 894 768 772 435 289 948 497 944 472 987 481 186 606 768 935 855 319 958 757 794 996 974 250 651 43 19 366 911 823 244 675 409 43 330 183 729 757 34 263 900 497 645 453 333 898 454 
213 563 377 196 173 978 151 153 283 406 565 513 540 405 70 759 377 949 827 109 436 543 968 355 148 706 885 954 398 242 952 873 245 154 816 119 123 247 221 298 872 647 782 912 329 747 691 420 925 41 389 939 229 373 322 831 282 560 373 739 571 177 6 33 430 620 390 969 543 984 638 162 576 582 888 62 544 470 805 985 998 372 785 2 431 27 
588 349 655 288 610 408 332 643 597 445 961 346 530 640 10 422 969 769 747 417 289 468 630 120 668 951 533 558 590 835 860 394 364 607 979 642 459 25 987 527 630 358 518 714 652 613 508 336 616 183 227 754 75 753 214 88 832 549 489 680 294 398 900 369 315 195 991 604 535 542 941 189 839 988 572 735 83 719 892 510 274 667 413 889 85 127 
22 775 449 53 83 976 368 699 647 696 706 50 218 16 368 190 781 374 562 591 620 110 673 216 426 112 7 455 196 508 838 684 958 964 503 397 91 617 500 169 300 128 168 540 446 485 5 162 728 65 661 391 413 241 181 407 552 551 479 49 21 301 840 641 336 143 810 326 544 696 58 57 235 264 92 536 480 708 869 466 417 94 674 580 32 919 
119 787 579 314 651 226 827 579 274 102 105 184 786 784 730 239 394 268 469 248 544 648 458 612 674 998 350 838 896 621 508 169 448 901 462 434 617 194 108 351 76 219 92 736 679 987 730 965 308 287 426 1 115 986 932 53 811 6 975 448 758 251 434 869 574 717 327 790 234 201 848 552 94 335 62 222 570 887 880 522 353 29 169 290 764 167 
85 48 888 857 845 156 990 102 193 669 354 250 942 734 30 462 593 46 928 380 658 682 137 403 75 951 991 685 635 659 749 7 54 75 193 808 920 275 687 918 890 73 164 478 948 2 62 930 604 393 626 400 390 165 589 496 468 523 671 174 703 964 693 362 767 9 535 700 335 355 777 571 189 47 757 655 161 107 752 829 475 314 684 564 250 798 
807 790 698 671 290 161 894 374 820 55 711 647 400 26 99 567 252 276 545 257 939 694 804 336 590 351 286 456 582 392 31 485 965 253 734 217 958 38 832 600 650 647 326 23 957 101 859 852 704 915 135 759 896 395 974 57 663 424 677 164 249 291 5 443 537 749 264 987 773 245 620 667 71 202 150 24 894 660 440 468 325 406 694 535 330 142 
406 487 122 480 775 708 827 791 779 735 898 717 71 428 742 110 162 373 36 288 204 538 580 22 74 214 371 637 751 803 859 438 781 312 489 222 732 522 141 2 906 433 487 263 124 685 392 312 75 137 95 673 771 846 829 860 328 970 931 234 786 171 618 909 650 71 115 787 493 502 536 693 809 154 42 529 486 597 397 957 383 380 633 165 688 387 
211 502 714 625 459 92 142 637 887 833 206 609 648 351 794 166 34 984 321 129 434 164 478 164 716 427 981 840 867 771 286 833 204 628 922 914 476 842 347 971 465 771 281 320 103 58 90 36 341 347 913 830 367 247 907 315 453 299 638 796 611 308 219 481 274 38 973 885 335 85 794 564 834 243 650 139 98 787 398 256 680 909 2 577 841 668 
142 673 696 732 65 376 979 488 863 626 100 115 838 827 986 925 59 969 689 584 194 83 312 692 989 432 186 616 804 467 224 281 806 790 517 240 615 949 985 367 387 420 577 668 354 411 679 202 813 737 174 20 200 943 490 659 928 566 981 66 550 675 484 912 316 610 668 989 280 266 407 897 215 479 51 89 772 549 565 27 449 508 185 357 133 823 
278 545 302 889 400 444 273 154 885 654 112 78 117 732 691 551 923 605 98 348 81 122 514 770 91 714 686 690 531 60 560 675 85 710 688 26 227 357 716 703 292 342 353 761 816 877 657 644 743 452 741 267 907 399 572 841 771 613 965 84 2 945 226 924 223 249 990 528 462 231 728 362 935 775 296 924 397 880 89 394 210 670 175 866 57 207 
955 146 252 509 286 649 607 948 282 377 765 532 831 643 321 608 868 787 575 792 684 757 708 157 844 265 964 227 689 243 435 115 703 78 246 994 136 41 802 356 753 850 685 125 396 779 468 690 265 411 109 203 286 382 350 403 649 959 13 595 59 653 697 116 335 107 761 91 563 613 260 114 71 472 256 637 892 577 783 491 991 977 495 782 893 847 
65 971 641 262 661 213 156 280 483 319 476 484 477 866 640 108 635 214 75 450 119 108 248 532 363 915 757 773 527 577 322 894 119 869 363 37 348 259 572 5 578 191 925 302 834 581 159 270 497 608 246 1000 209 618 255 373 518 524 451 168 363 374 181 197 454 385 464 157 810 947 924 635 52 315 123 435 640 541 7 932 164 528 703 955 829 982 
890 986 241 924 67 537 693 692 565 820 232 999 304 340 151 694 620 139 122 394 150 66 535 250 793 925 406 862 743 386 117 986 456 189 45 381 2 872 340 554 130 57 60 774 346 84 771 187 91 179 757 485 725 923 992 716 685 473 438 385 533 213 272 684 282 726 584 45 835 173 192 953 21 598 297 663 231 429 439 548 794 349 139 764 744 815 
313 450 338 497 460 458 650 901 862 101 184 35 268 117 243 753 736 921 942 826 985 434 470 29 753 471 441 169 366 63 977 325 171 702 200 844 119 329 310 456 518 765 769 486 719 756 621 4 294 154 316 822 843 47 216 782 379 86 767 317 53 798 365 117 535 454 512 522 281 830 136 201 706 939 670 606 475 404 695 324 481 691 432 289 879 510 
332 896 347 791 300 707 727 736 495 632 203 195 234 771 257 681 161 533 489 393 310 852 591 923 369 731 585 469 994 163 13 255 19 425 987 954 361 642 670 534 52 389 113 148 421 456 575 257 56 862 764 629 602 911 570 530 189 16 887 233 569 308 613 529 885 203 529 217 222 587 609 968 207 220 495 275 82 136 747 983 366 675 257 888 18 559 
830 793 872 979 801 157 677 981 799 237 713 838 199 418 250 237 952 934 694 198 415 38 552 68 733 707 810 772 297 914 517 109 306 168 244 805 344 993 168 669 371 403 159 552 892 207 534 912 91 680 961 546 536 639 656 667 406 93 285 498 276 186 851 192 614 694 305 685 828 159 375 717 346 867 289 579 800 894 489 164 170 573 561 728 122 244 
778 45 692 461 255 740 419 154 797 976 354 605 695 124 166 341 428 4 722 892 804 230 178 600 20 170 477 870 222 521 501 61 21 474 896 250 431 467 84 304 387 485 806 643 229 936 636 733 479 962 412 96 819 362 420 876 55 105 284 412 311 780 833 268 817 923 843 486 325 421 160 325 980 440 234 745 827 483 47 261 704 327 849 677 620 374 
213 84 777 770 79 924 837 137 878 544 87 287 267 79 930 428 904 177 121 256 351 967 818 205 344 822 534 924 143 492 831 978 613 782 466 660 334 257 447 536 996 768 775 390 890 830 342 856 635 556 217 509 851 180 474 548 766 583 425 40 856 517 253 966 741 267 587 199 434 378 734 234 843 861 384 985 414 586 64 383 272 893 397 240 111 914 
402 578 688 682 394 659 298 311 630 907 547 875 932 739 513 838 394 30 443 711 907 983 457 157 241 467 337 590 813 112 724 47 387 830 16 525 177 157 695 556 273 912 584 606 780 561 388 846 530 804 652 709 360 528 386 397 193 411 413 85 408 790 264 580 620 993 21 489 837 143 254 354 206 942 4 35 740 408 628 194 654 981 391 753 318 389 
16 51 343 528 916 787 150 792 525 633 934 994 575 454 159 81 399 858 327 731 488 940 908 648 712 98 152 760 946 937 309 796 613 751 827 745 862 72 265 104 441 446 800 73 846 36 254 433 769 876 169 793 618 63 866 114 871 54 117 422 903 630 958 144 656 945 350 230 98 123 766 173 6 378 99 551 138 586 955 57 454 800 447 24 276 189 
297 797 251 517 984 557 980 704 145 518 377 505 96 231 75 790 928 304 587 375 119 522 283 962 653 504 989 445 743 790 708 838 599 153 283 992 590 535 963 999 237 168 152 886 584 77 534 727 812 800 72 571 19 397 249 522 997 255 662 677 49 77 692 729 733 30 774 871 186 571 930 91 395 805 341 434 279 871 356 791 741 589 796 615 136 661 
300 827 427 948 674 782 766 877 906 624 378 741 286 434 194 890 867 595 338 766 56 75 980 30 717 342 825 832 777 114 677 812 68 477 638 154 743 633 934 260 328 249 311 989 130 313 374 795 285 560 275 385 322 393 968 512 161 243 432 80 782 494 259 961 18 39 351 438 966 222 232 612 765 837 27 175 226 491 199 902 832 306 670 624 377 326 
627 592 529 328 956 813 491 65 673 460 676 819 77 690 495 428 749 92 393 588 47 394 318 841 245 372 219 889 546 139 214 393 212 619 795 699 578 975 872 261 816 510 171 623 817 565 627 484 980 941 684 974 218 902 527 588 263 140 224 637 183 513 970 537 691 955 232 429 740 135 270 864 760 86 232 996 130 343 640 511 62 942 246 202 573 883 
723 841 646 758 222 309 887 26 67 55 370 39 713 326 674 860 547 778 216 12 881 986 65 537 32 675 3 959 215 217 8 218 227 299 425 786 958 706 983 886 307 59 262 623 941 238 332 342 480 29 304 121 280 376 998 282 977 873 986 96 95 932 370 714 575 81 273 97 702 364 594 693 544 853 722 771 451 212 529 238 133 759 785 324 116 688 
24 178 941 512 371 842 990 297 604 339 752 354 806 874 631 787 325 512 12 556 276 556 149 34 265 595 179 234 59 77 748 944 31 754 994 426 855 924 69 464 837 758 492 943 975 614 681 751 347 335 694 946 860 666 234 990 637 925 344 68 934 149 762 137 165 697 730 797 78 150 562 627 294 562 445 792 444 355 692 1000 314 80 789 613 51 27 
274 641 693 901 270 766 624 850 181 531 895 159 724 698 319 177 606 408 686 271 241 197 215 451 801 781 674 597 179 806 832 185 365 746 576 658 44 183 220 807 557 358 416 684 696 785 731 132 98 472 286 334 962 574 229 30 974 847 668 893 495 124 293 691 275 571 151 956 737 65 752 721 274 353 710 513 886 602 410 991 68 219 86 126 671 226 
305 834 317 918 24 441 49 57 231 178 532 882 73 20 407 738 588 538 852 758 17 813 446 812 555 43 614 249 637 951 879 42 432 81 460 986 261 872 369 676 320 589 800 185 23 1 789 651 42 585 571 779 138 217 48 432 542 887 430 202 748 578 548 566 477 139 637 474 924 746 967 708 104 412 807 486 472 747 67 676 831 431 615 129 129 212 
508 831 388 131 278 453 18 630 621 390 710 78 447 384 812 551 267 698 71 911 113 225 381 731 408 965 13 722 232 24 301 518 162 799 749 1000 285 347 72 731 490 66 811 588 786 378 286 472 214 614 812 199 878 188 734 655 198 629 356 420 503 647 990 783 258 944 456 957 875 500 21 665 995 193 333 668 149 929 962 620 430 7 863 163 327 54 
74 154 268 294 268 29 338 688 862 584 797 764 214 314 839 728 538 377 960 260 772 95 402 709 943 268 220 551 865 539 50 78 970 249 667 310 260 595 483 569 762 888 457 105 134 696 803 655 318 506 425 644 959 188 168 893 661 614 177 268 402 536 705 413 941 198 657 310 788 16 280 987 405 663 904 472 969 501 222 569 546 853 110 302 671 115 
743 163 38 92 35 607 161 513 778 555 372 112 183 350 949 196 907 838 221 734 248 185 110 444 384 797 198 448 488 317 91 820 183 165 783 222 284 64 239 70 359 664 598 871 941 301 711 117 370 289 898 156 819 452 662 546 642 404 809 950 941 424 508 24 216 52 867 58 322 559 675 120 366 939 284 212 76 461 217 541 511 478 221 377 391 601 
529 377 482 958 636 708 606 174 386 830 563 712 48 746 71 827 846 422 321 549 349 102 178 940 20 76 537 811 926 310 726 847 94 584 689 995 494 4 300 776 828 583 78 305 110 661 361 262 303 208 271 167 202 133 57 507 775 104 183 897 540 794 263 992 846 823 647 554 688 581 589 790 114 705 218 190 326 572 778 606 775 863 936 431 579 898 
503 514 315 323 323 384 152 61 193 954 680 367 341 413 313 39 955 896 630 398 736 769 295 246 585 724 326 9 564 21 703 612 990 969 879 972 892 888 337 40 390 542 901 495 49 82 258 747 861 358 933 710 750 872 107 539 262 600 963 353 235 51 591 955 204 463 116 604 426 761 696 121 941 683 452 799 189 346 667 695 754 631 226 463 446 604 
