44 23
89 564 835 851 23 241 912 493 652 581 478 617 877 179 221 616 349 799 180 636 858 884 663 903 263 421 771 23 274 842 687 889 918 718 893 699 268 750 66 390 933 620 82 4 
131 29 632 590 153 631 173 865 408 296 429 682 491 611 178 72 237 460 644 841 634 38 894 631 275 994 783 204 462 291 663 308 998 152 424 891 718 641 704 567 884 662 660 246 
387 652 766 602 841 210 498 284 251 59 422 176 582 788 272 288 1000 505 980 139 701 531 462 119 206 541 829 460 623 399 761 99 936 482 615 568 494 597 162 747 539 671 539 477 
556 918 372 761 753 759 434 256 66 727 402 35 760 394 549 274 793 194 934 138 104 691 212 695 669 628 499 990 249 880 648 150 932 670 876 599 450 437 600 124 444 732 155 862 
435 386 968 817 394 705 867 954 309 224 685 793 668 49 470 931 812 815 91 428 744 605 600 475 196 507 159 590 859 810 890 448 41 819 365 976 27 90 504 67 413 841 571 677 
396 642 987 652 110 188 84 86 391 251 687 756 382 129 503 278 863 425 566 873 833 886 429 647 890 479 884 926 266 261 46 779 822 856 521 928 774 135 252 676 337 335 2 738 
311 975 591 357 72 81 936 146 283 826 719 574 713 38 999 906 163 718 693 540 48 947 104 232 116 840 859 830 646 395 200 646 273 676 863 73 774 481 239 898 543 609 204 278 
126 135 402 79 383 170 737 479 940 139 722 427 664 678 576 725 982 701 962 863 3 449 96 685 17 138 508 994 285 945 260 822 59 644 669 678 120 858 42 892 265 624 916 73 
930 842 716 616 537 958 760 701 453 94 242 830 449 228 799 225 325 275 134 886 39 171 863 630 85 910 879 924 86 401 25 194 106 413 766 768 408 678 785 705 791 835 892 622 
86 735 191 543 999 87 19 622 425 598 377 255 670 109 928 494 69 367 103 439 601 820 319 291 985 340 557 809 633 479 815 788 240 75 21 828 555 989 442 799 643 3 322 105 
947 57 510 834 709 762 534 687 805 386 143 843 261 162 621 344 579 188 114 64 592 935 416 657 762 13 412 960 252 739 371 125 508 8 585 952 102 490 959 442 791 14 413 856 
61 94 473 403 677 544 374 267 652 276 529 533 762 470 504 730 108 893 452 954 393 571 520 473 408 495 506 441 384 263 410 608 39 361 472 172 655 948 515 524 230 490 767 888 
757 633 471 740 667 523 284 161 554 706 92 260 387 688 630 43 318 46 357 389 453 155 467 834 761 920 632 739 268 777 99 315 321 54 8 470 217 723 843 8 464 261 948 794 
631 718 44 377 315 627 118 335 621 172 793 965 155 867 694 665 776 1 213 101 552 477 380 944 878 790 362 386 273 435 145 562 564 505 947 889 309 158 431 124 465 75 347 838 
982 319 612 293 592 833 124 462 992 462 331 499 370 292 401 180 118 318 915 596 442 937 868 29 454 910 974 982 504 570 817 884 368 386 403 231 158 682 568 311 867 688 172 478 
246 765 239 672 48 116 593 312 658 406 54 172 581 741 531 676 321 791 378 999 587 605 490 632 745 389 611 719 920 260 928 610 120 480 717 301 397 854 459 831 594 807 850 855 
273 161 295 55 334 147 230 472 429 560 242 422 689 367 34 686 271 330 262 861 209 983 163 507 879 980 898 888 539 470 784 541 796 267 634 510 558 318 135 54 136 259 594 844 
694 467 952 141 95 938 175 513 98 552 696 818 493 293 238 531 614 297 711 390 629 810 787 745 841 183 570 121 394 293 963 215 528 808 195 706 714 12 914 694 665 204 996 763 
382 947 910 49 769 625 512 955 236 128 634 241 863 128 578 818 341 143 101 401 559 477 155 936 431 832 296 538 624 923 928 30 212 212 755 881 254 294 322 786 529 444 1 556 
672 271 453 376 632 641 935 41 987 835 249 540 766 797 313 263 53 732 988 465 558 249 557 171 451 183 302 294 100 333 45 332 76 5 51 27 67 739 802 624 844 442 381 696 
919 660 364 629 330 89 855 614 980 570 667 680 578 838 403 116 293 724 873 449 324 154 949 396 198 509 909 412 994 666 782 203 611 829 257 706 966 24 770 716 254 806 685 479 
146 841 834 286 901 969 995 634 886 349 282 33 257 911 873 983 902 307 636 861 472 528 138 344 769 234 996 172 604 943 12 880 35 513 594 531 162 235 259 927 907 192 444 189 
228 720 485 225 94 436 225 95 583 868 628 6 147 687 590 541 238 851 760 579 957 678 404 43 301 812 226 144 596 17 616 805 7 369 642 336 699 326 314 24 313 619 458 397 
340 87 95 847 44 523 912 281 456 359 848 871 991 874 328 414 455 897 473 451 242 642 647 526 214 825 930 696 404 595 994 68 188 641 80 42 126 535 861 1 908 622 693 294 
118 718 404 944 894 640 12 926 29 979 749 851 893 445 655 624 354 37 548 347 827 62 905 239 572 887 406 300 57 729 268 752 20 992 167 718 847 94 188 422 913 868 300 445 
898 202 329 943 105 769 769 642 297 263 721 245 919 626 220 585 175 985 460 150 15 696 504 33 852 538 815 364 652 220 291 918 684 919 585 253 587 270 249 138 398 425 169 28 
149 994 383 272 670 894 878 15 105 485 944 496 812 294 893 799 991 300 891 494 75 550 775 315 174 70 219 866 834 239 912 253 464 509 150 89 246 232 921 107 272 369 422 259 
158 648 983 239 123 724 907 707 190 157 346 352 924 119 551 98 837 592 407 511 814 652 881 845 744 742 246 579 950 706 515 786 228 625 205 357 918 228 556 103 287 469 699 980 
412 490 759 491 776 411 133 90 297 951 113 123 530 673 837 278 554 977 671 86 653 752 398 752 2 436 694 73 917 717 329 512 126 839 297 940 545 57 827 903 759 589 22 587 
109 778 629 980 948 550 281 246 129 63 427 720 678 92 48 786 232 407 685 955 770 710 957 422 946 466 17 861 498 336 191 678 50 6 887 389 676 144 378 131 488 556 483 254 
1 755 290 489 216 9 311 941 800 998 708 455 305 238 486 500 793 614 613 683 984 352 130 138 34 601 865 684 858 969 711 969 709 642 733 438 685 500 702 870 584 257 693 641 
88 13 811 821 836 664 616 898 678 775 135 554 534 879 287 625 735 76 350 713 985 625 793 505 823 56 914 463 474 85 161 123 54 398 823 751 338 918 7 932 198 506 237 358 
600 291 899 986 448 85 593 726 997 856 829 339 343 429 796 743 38 507 768 54 794 506 147 610 925 855 466 240 207 210 493 500 176 37 62 648 619 14 728 713 897 910 842 131 
91 35 916 287 524 667 345 737 38 417 894 950 972 845 778 286 201 591 286 326 119 669 7 730 9 542 226 537 981 717 471 385 748 329 937 205 701 524 365 412 41 251 505 484 
767 142 671 846 507 89 257 108 267 858 679 200 675 156 192 991 833 859 997 918 291 968 708 235 247 463 403 240 427 96 907 315 351 587 280 777 823 880 302 813 677 165 358 571 
39 313 145 562 181 201 644 857 62 648 940 809 291 453 980 619 420 8 285 548 978 676 614 710 372 643 340 337 622 502 35 130 359 437 470 898 505 799 203 106 239 33 66 517 
482 580 24 728 772 314 383 141 817 489 320 590 514 260 852 272 284 365 39 13 185 760 502 575 734 60 715 650 596 523 542 417 378 53 566 892 139 311 968 56 788 225 223 440 
442 649 805 835 369 442 873 669 975 177 138 634 242 746 19 16 975 253 847 957 525 967 582 145 241 335 297 877 28 206 19 292 642 466 192 472 260 701 218 17 944 625 65 506 
158 503 667 276 47 633 790 47 146 4 153 902 327 154 185 650 351 406 347 26 971 337 796 794 324 533 857 897 211 777 693 551 291 796 853 351 316 37 362 761 985 730 535 51 
83 807 937 585 791 618 183 67 117 389 426 102 611 451 983 622 194 39 755 594 896 281 639 168 421 346 884 866 697 834 391 633 190 840 184 818 130 754 680 614 601 253 146 862 
152 319 964 814 908 555 477 618 212 430 265 967 532 943 699 523 156 588 258 159 465 763 511 947 66 381 166 947 541 298 43 465 195 585 271 716 201 207 107 303 697 834 612 68 
416 646 176 355 449 920 80 989 322 593 598 198 510 653 72 659 123 860 998 1000 900 121 321 37 985 913 916 954 486 742 200 568 209 845 170 682 880 109 208 260 707 850 76 27 
125 608 775 885 129 547 146 482 715 150 169 339 308 794 505 106 698 218 956 642 344 134 98 680 737 556 634 955 931 253 905 280 489 871 755 73 177 702 416 87 232 481 976 261 
515 939 658 991 439 982 448 243 619 71 632 62 220 782 991 834 673 564 303 503 929 722 899 448 946 407 223 687 795 578 845 684 548 241 486 465 724 338 654 169 131 256 467 859 
