75 93
149 413 893 217 159 828 160 43 840 164 449 397 251 897 197 679 109 487 438 304 324 2 42 846 631 95 401 994 55 395 205 543 125 570 582 644 828 202 503 24 39 562 835 102 206 901 733 457 637 211 918 594 478 793 911 991 409 776 890 70 392 140 836 307 40 174 70 574 445 828 196 337 396 103 317 
8 23 765 949 9 773 9 791 158 48 832 87 697 907 468 815 191 468 606 512 384 654 440 827 943 930 441 528 541 887 444 48 154 471 611 606 710 972 472 243 333 843 421 226 882 719 589 352 253 858 866 976 431 352 103 751 789 748 73 291 220 718 994 761 757 93 694 200 33 850 874 344 934 445 857 
487 26 365 1 333 23 146 54 710 896 748 509 320 635 137 124 245 983 491 376 547 440 49 566 963 169 720 470 983 114 288 341 767 634 291 322 637 678 996 907 464 250 621 57 134 567 956 58 422 462 502 661 917 164 739 379 398 335 589 500 471 200 116 367 466 233 875 79 338 801 849 994 959 758 672 
59 683 618 66 707 821 313 205 603 198 137 644 117 979 307 625 116 474 161 679 337 720 609 189 783 322 617 224 713 187 171 767 43 269 459 877 663 947 982 754 705 839 598 323 596 912 116 388 222 238 605 579 641 865 567 695 932 366 757 185 66 107 266 1 985 390 403 412 958 808 408 228 687 944 36 
113 232 678 50 207 402 436 547 960 577 812 709 91 165 598 726 108 884 416 378 95 381 356 169 935 384 612 317 404 949 201 42 661 274 724 190 33 224 788 179 740 504 138 891 464 178 802 204 914 831 315 100 999 104 599 118 791 869 375 693 449 107 185 849 927 568 236 408 978 472 206 31 921 846 459 
760 599 43 809 278 67 634 506 279 291 312 441 18 403 870 544 849 227 761 58 864 647 491 669 527 387 611 650 340 814 163 359 221 438 816 876 373 877 391 430 556 11 78 785 276 436 977 841 49 530 191 634 368 638 324 446 4 995 87 735 453 276 542 926 202 856 305 379 392 434 261 726 827 126 691 
190 708 936 848 720 884 615 429 314 49 27 641 728 710 467 566 966 888 474 977 751 654 954 230 510 344 601 772 612 779 764 189 569 3 961 969 374 667 361 419 386 2 486 620 947 614 697 390 895 805 120 220 628 89 462 296 653 644 91 748 966 125 285 526 954 793 111 198 498 806 113 857 257 731 232 
35 502 172 439 657 266 237 470 925 387 973 803 653 472 581 926 381 709 600 138 868 729 813 832 685 294 659 141 888 689 78 560 960 531 631 677 141 639 392 861 277 61 95 329 438 54 386 140 928 729 197 305 369 397 976 814 184 392 149 647 334 560 128 774 602 208 496 553 836 461 653 172 596 721 274 
89 468 376 164 613 475 650 931 629 396 584 834 128 46 1 986 991 773 639 772 794 697 374 62 909 717 301 740 828 498 873 579 290 773 694 659 1000 479 367 611 643 996 568 578 855 455 993 603 227 995 46 375 549 884 445 882 976 671 848 319 99 968 595 573 68 139 992 790 269 461 513 301 813 435 678 
576 618 891 48 991 341 706 485 644 815 565 501 299 683 876 371 924 499 52 865 678 24 261 765 118 468 771 920 856 298 728 666 301 889 970 814 399 245 360 851 457 606 811 429 914 421 883 33 267 388 632 465 502 381 586 703 74 654 595 228 389 955 803 867 169 148 372 138 634 313 863 321 102 556 686 
87 118 742 764 649 933 668 954 147 214 595 708 76 267 730 483 509 803 495 572 507 699 956 145 445 225 779 102 32 741 304 926 529 560 590 271 850 913 789 564 401 542 515 506 45 712 376 285 107 259 398 395 160 124 416 97 823 259 874 877 397 707 106 796 388 144 142 140 389 840 278 373 753 397 683 
772 586 530 585 448 869 940 1000 616 523 243 713 708 632 849 455 972 491 210 459 926 728 869 965 556 906 290 208 356 397 324 342 50 635 785 427 787 612 823 870 259 412 801 805 986 504 363 609 923 41 402 938 13 348 920 92 149 161 406 426 91 331 282 889 796 639 412 985 648 656 372 503 101 762 718 
966 540 502 424 816 410 54 3 432 586 90 808 945 536 265 813 628 985 756 96 886 450 239 756 416 742 57 610 20 828 863 249 780 344 732 752 252 97 499 980 139 307 992 302 414 782 452 470 287 278 143 542 356 436 659 800 962 381 375 585 539 114 657 594 374 672 32 253 254 400 624 101 37 601 367 
193 547 165 304 282 953 810 934 723 483 90 243 705 870 941 137 66 806 613 673 827 956 626 211 157 389 647 869 615 414 797 727 66 86 182 830 257 189 717 839 999 916 500 223 734 469 630 144 917 29 662 791 425 742 448 348 720 82 383 490 106 404 750 391 992 169 546 318 346 168 271 539 987 926 203 
183 96 629 256 397 721 342 814 547 279 28 904 725 687 987 366 398 869 617 219 345 605 164 880 16 373 844 808 218 327 18 181 58 870 537 459 701 623 275 836 829 915 959 900 428 593 922 341 90 537 44 494 147 22 829 95 219 803 944 497 28 218 86 404 673 777 686 712 67 255 355 943 644 501 151 
867 210 535 399 501 183 917 686 694 254 925 622 249 112 276 44 104 624 117 724 286 204 713 118 85 470 808 967 105 585 382 66 373 631 561 88 716 946 994 622 843 466 250 159 149 767 71 497 694 704 968 684 461 715 445 416 715 925 962 726 201 668 773 250 818 219 814 359 380 470 87 476 725 247 188 
518 283 72 341 502 236 626 274 948 7 389 918 244 339 185 958 640 95 261 532 254 666 238 391 972 28 498 461 185 492 100 492 941 891 107 414 499 224 791 563 126 222 996 947 579 755 202 524 414 99 547 688 479 213 919 483 685 715 357 20 459 128 731 402 827 893 767 25 545 756 103 620 289 385 422 
757 636 669 200 411 214 509 136 916 563 355 303 235 116 411 264 75 93 985 882 949 41 425 302 782 703 294 897 21 902 456 980 979 15 8 674 700 67 69 986 525 765 588 630 119 112 603 323 43 188 943 498 189 373 839 614 934 349 832 551 597 660 610 30 118 325 907 322 190 226 739 410 470 882 240 
108 630 914 155 686 51 394 250 795 203 9 935 728 673 708 497 943 973 651 9 820 622 484 728 574 706 645 159 376 645 492 935 753 984 225 987 464 332 902 754 956 327 597 729 252 62 11 481 154 28 892 492 253 810 727 270 135 864 131 722 668 50 18 666 12 726 909 163 51 525 216 600 671 456 712 
222 681 38 570 808 536 667 93 883 50 107 595 325 445 71 260 34 957 94 892 23 606 888 758 499 29 447 921 298 130 975 90 860 865 480 473 870 409 818 664 223 819 184 178 821 679 455 465 848 804 825 627 664 992 293 493 955 31 250 376 426 494 292 163 772 538 141 889 355 364 968 637 462 520 514 
107 286 751 705 641 973 354 466 46 307 127 558 297 547 881 797 485 694 195 606 60 839 557 180 297 783 730 557 43 841 537 280 95 544 307 533 380 591 636 882 517 578 174 18 979 204 682 824 233 576 633 141 532 387 362 398 954 810 36 122 538 744 534 307 397 787 36 674 435 408 805 808 953 627 332 
570 809 532 732 708 147 679 943 146 331 962 48 771 427 388 615 687 706 540 366 522 45 503 58 121 717 39 132 389 345 440 536 902 989 892 141 233 835 442 766 357 834 787 529 610 364 301 6 531 132 811 706 798 919 317 997 890 834 619 704 712 461 136 691 421 647 861 446 591 146 371 14 837 111 69 
907 708 957 702 480 495 255 127 114 647 444 915 516 788 91 198 570 434 149 131 205 863 837 461 231 612 310 569 31 139 933 2 103 192 407 805 580 674 211 966 38 220 819 50 713 647 719 39 290 691 34 673 990 454 545 166 504 771 570 740 969 838 225 457 389 367 297 659 587 421 833 26 277 310 92 
843 722 788 110 390 384 722 588 378 925 439 915 663 856 178 707 420 644 303 613 522 693 408 219 145 749 416 880 522 449 652 88 476 880 859 584 947 188 408 289 926 396 861 321 391 768 657 355 673 447 157 880 501 294 204 310 509 586 290 272 581 128 551 942 503 794 995 158 622 157 804 467 829 289 13 
765 936 73 834 921 3 203 49 507 914 362 211 785 65 586 772 393 13 939 790 102 770 810 589 775 775 868 839 457 199 229 754 710 865 721 810 126 906 8 419 901 729 879 828 404 956 740 541 20 681 394 258 793 727 238 360 540 982 553 384 443 980 808 890 781 266 784 795 464 14 926 962 398 362 486 
96 8 157 545 606 625 57 893 251 86 421 432 517 787 35 492 648 618 948 890 93 297 835 224 173 49 24 292 167 262 982 942 462 444 246 697 230 374 901 651 704 829 732 942 524 943 711 389 14 789 480 74 221 738 556 815 432 1 998 412 9 918 203 129 246 640 630 700 934 597 885 77 730 414 604 
592 404 965 696 299 43 541 246 465 223 816 861 990 771 750 298 92 25 253 322 741 714 836 317 490 797 549 665 859 544 82 581 408 437 671 663 864 167 464 56 599 773 332 862 301 494 42 650 645 238 83 620 668 464 817 611 43 620 414 881 109 307 848 807 453 697 572 501 378 457 536 12 588 103 85 
424 884 314 933 80 583 1 617 359 844 808 910 416 766 531 73 318 59 282 273 258 758 741 108 312 258 394 972 588 744 469 803 89 299 583 253 978 458 386 294 717 629 395 292 772 108 913 333 510 293 678 228 206 92 692 184 882 271 633 605 319 115 614 375 850 153 828 916 338 789 256 178 852 969 585 
378 247 21 407 163 746 746 342 433 59 495 155 95 514 539 399 506 340 252 74 848 220 480 218 146 447 601 499 798 142 926 841 200 10 657 444 993 691 475 459 80 289 974 301 65 655 68 931 827 853 676 178 735 621 894 24 941 960 119 29 377 946 454 36 566 827 671 713 881 527 960 461 978 201 275 
784 782 507 988 502 569 193 715 742 706 695 131 231 615 599 140 547 763 768 855 449 829 531 225 693 115 888 961 115 246 465 644 820 327 949 545 864 971 456 361 909 899 64 585 926 559 915 131 480 804 400 786 1 652 555 981 889 909 853 661 830 244 283 66 882 475 381 571 640 353 642 645 776 73 34 
695 142 710 596 827 346 205 778 790 251 779 161 572 61 105 717 598 189 717 757 29 930 931 347 788 95 115 279 569 534 221 892 324 247 779 90 699 617 901 358 533 704 963 983 597 760 542 762 426 185 416 753 525 19 94 375 570 900 898 799 635 328 726 373 689 552 558 981 492 862 989 740 261 200 571 
412 234 27 453 947 922 681 637 37 746 926 524 977 343 600 725 930 852 629 668 199 358 242 151 453 150 601 492 812 415 754 211 743 554 229 765 216 214 950 525 443 155 218 941 113 185 450 629 464 964 398 288 1 787 444 439 219 121 913 898 606 947 790 571 338 436 991 798 193 318 904 231 866 953 720 
298 655 529 275 184 562 914 155 825 699 551 391 149 357 125 902 319 906 769 141 188 156 729 656 336 486 601 630 755 802 76 816 938 532 462 611 48 982 456 675 839 589 812 722 17 316 313 698 332 944 609 975 70 453 17 665 860 687 552 88 873 346 964 377 902 814 890 633 189 13 540 991 658 719 616 
718 860 73 646 450 672 169 82 172 607 853 387 945 241 532 779 880 674 660 793 299 388 22 603 621 117 848 623 926 3 121 900 835 805 970 284 569 539 475 157 18 201 580 433 449 48 45 10 547 557 271 242 40 294 197 514 32 122 973 897 329 289 740 416 400 756 185 659 485 526 976 690 372 795 386 
945 921 776 162 325 972 467 236 960 541 444 57 655 498 340 710 58 303 324 38 339 917 698 492 403 190 688 998 121 568 950 927 524 592 849 36 692 745 659 513 99 773 356 772 410 754 449 746 305 513 917 856 199 763 158 197 419 165 705 319 546 814 696 155 434 255 619 801 430 562 933 359 547 261 944 
724 818 713 907 832 40 110 731 91 338 722 976 275 117 682 258 466 644 960 451 622 979 957 135 275 748 296 401 862 464 256 815 51 969 927 18 786 933 271 895 13 293 985 537 462 103 500 418 110 753 491 639 945 967 771 604 256 438 923 488 478 210 564 274 32 373 587 92 559 393 964 463 184 416 849 
536 398 26 708 185 445 23 74 995 874 405 560 930 994 948 362 929 960 416 17 16 467 663 293 59 399 332 180 189 74 947 90 981 482 501 881 488 342 262 242 799 690 574 909 410 951 309 942 468 426 451 705 737 68 55 286 86 922 629 936 216 605 245 51 656 20 882 620 949 657 632 942 179 274 490 
498 339 577 675 326 466 830 651 737 990 299 884 750 422 40 438 735 385 216 23 788 194 843 23 317 123 926 180 292 272 872 905 494 101 463 84 891 290 418 392 19 21 304 376 668 393 33 109 642 999 259 114 694 2 688 517 619 719 669 537 748 524 798 74 553 616 257 929 116 620 344 249 711 545 211 
105 41 338 13 35 745 218 69 236 105 33 817 692 198 147 854 224 479 234 963 991 429 125 982 490 426 985 287 536 997 663 364 536 668 438 156 576 155 971 664 461 764 317 95 148 519 510 665 113 525 935 807 382 591 635 416 863 581 920 527 371 851 945 19 717 62 423 7 827 704 40 811 215 752 433 
986 685 302 536 503 964 565 13 441 712 538 779 782 335 52 41 711 539 508 350 952 351 607 796 172 622 89 676 726 808 629 266 787 374 290 186 982 656 688 395 507 717 92 652 288 243 183 972 553 96 222 302 388 728 326 141 92 831 958 52 305 673 522 18 856 24 252 579 399 887 389 322 12 101 29 
510 823 579 960 954 60 369 42 618 461 254 651 587 808 527 750 274 965 826 271 896 923 947 747 532 571 311 269 809 260 71 454 305 257 455 4 2 144 120 735 345 829 994 192 341 958 518 466 373 32 707 589 956 546 655 824 19 688 97 408 952 923 805 191 382 911 799 118 445 13 915 165 155 594 60 
658 387 480 116 57 541 283 340 828 567 583 932 91 714 232 605 685 159 505 749 159 84 553 499 508 154 475 523 686 185 542 756 940 254 677 904 804 435 783 332 747 871 256 65 411 681 361 779 228 383 111 88 231 843 704 954 718 313 171 216 672 730 207 202 795 85 916 668 11 638 970 485 283 327 159 
312 905 446 453 682 734 351 139 973 838 860 562 757 5 650 571 234 755 550 807 405 930 496 167 926 469 126 805 645 707 700 643 199 252 235 563 35 843 408 590 598 437 190 545 852 265 974 980 856 128 798 541 726 151 487 997 7 762 340 929 316 236 72 964 455 389 431 267 606 66 904 833 585 739 889 
283 535 497 868 303 332 471 321 289 413 442 531 38 903 36 879 429 356 493 298 674 79 275 811 820 587 92 505 530 599 249 638 858 453 646 996 274 876 23 895 683 834 661 251 986 645 384 807 912 508 207 83 693 809 895 382 160 754 481 419 714 272 495 44 565 680 295 799 695 745 512 224 35 940 605 
976 441 235 233 813 132 99 282 370 469 883 720 80 974 770 199 468 482 740 492 715 683 334 901 796 500 394 228 941 641 573 412 417 763 943 492 584 592 346 29 487 354 743 87 465 934 653 625 182 761 875 352 348 174 960 863 819 155 553 944 605 477 691 162 294 448 10 636 896 476 353 401 2 764 635 
748 866 89 305 5 241 78 52 604 638 213 686 686 709 259 916 463 473 503 375 807 407 824 644 391 62 488 272 989 332 411 471 550 466 773 215 300 331 795 617 176 905 960 528 282 921 939 684 911 728 127 825 241 333 516 860 741 480 708 446 26 668 912 741 598 146 771 527 269 918 871 416 644 701 23 
853 506 151 229 561 368 946 741 825 467 263 50 108 464 17 736 805 919 514 409 595 19 248 547 736 153 849 562 569 214 971 690 150 782 712 456 219 707 935 418 582 123 93 715 874 125 998 388 395 949 687 415 995 430 742 782 924 63 445 260 630 49 354 769 259 248 922 780 602 128 128 212 353 794 640 
936 79 14 145 160 617 803 314 507 99 774 828 906 825 752 873 653 190 867 419 980 444 677 184 961 853 782 956 397 51 935 423 199 451 747 337 996 527 347 299 627 571 252 864 265 296 379 381 29 808 877 660 28 17 720 207 591 158 150 475 155 242 643 578 362 918 196 686 360 764 546 859 17 813 552 
372 953 545 745 689 276 317 846 272 63 946 431 481 94 899 431 670 960 774 421 786 576 679 720 697 629 90 778 57 284 728 457 568 980 899 58 670 346 749 566 68 222 782 42 805 494 733 386 988 194 689 182 502 592 368 7 569 393 151 363 197 99 723 935 130 872 808 165 667 791 640 319 866 322 270 
890 59 880 283 30 805 691 609 477 798 764 191 2 430 230 948 188 432 504 407 51 596 71 70 323 640 996 565 175 641 161 666 487 668 706 215 940 889 266 279 499 219 507 789 905 337 162 601 622 225 834 660 357 733 1000 606 195 326 175 534 998 993 757 186 752 831 725 855 180 473 719 795 848 924 837 
73 939 505 663 582 369 280 25 866 428 238 531 992 550 236 377 57 141 291 37 861 478 828 58 108 837 949 762 909 763 849 602 693 889 614 419 250 308 453 613 376 633 734 520 620 99 267 251 919 515 757 216 845 864 252 887 542 23 403 91 957 660 778 482 495 258 273 872 318 495 305 198 47 364 237 
271 537 427 553 276 104 289 850 656 944 751 238 998 533 644 85 386 162 829 736 757 905 111 481 605 155 323 779 748 704 500 228 536 377 294 776 763 635 887 415 700 15 922 466 6 657 857 706 239 101 195 826 3 9 535 934 954 943 360 596 527 209 481 881 283 658 331 999 626 738 292 766 444 338 498 
929 358 761 617 370 762 470 865 1 468 935 107 793 703 986 117 251 168 626 5 534 696 21 578 991 72 907 977 606 360 313 775 698 104 662 362 878 211 85 581 451 625 781 731 608 620 14 675 856 133 293 557 915 943 457 485 903 676 607 973 336 208 155 456 853 355 912 860 957 362 882 959 450 616 146 
798 862 385 801 826 763 183 744 883 751 873 848 369 663 616 806 801 51 660 505 117 323 823 103 832 32 904 916 560 582 882 133 725 496 198 780 232 173 983 557 983 394 548 656 729 744 363 208 5 775 372 587 280 810 820 491 94 917 275 365 48 509 464 47 951 848 939 735 432 829 955 506 185 660 481 
235 699 928 757 788 688 156 984 745 566 101 954 675 949 894 364 219 262 369 232 464 709 949 936 106 440 19 429 408 768 294 705 823 55 314 702 723 210 611 280 443 10 985 433 384 958 403 276 431 451 450 124 464 718 527 501 381 73 344 795 46 108 663 627 476 982 539 470 693 189 411 565 33 50 872 
601 690 472 810 26 1 966 278 979 862 27 703 395 703 626 715 743 174 302 903 174 676 304 325 630 650 30 60 589 450 766 177 562 97 404 949 917 48 104 695 628 675 635 292 360 106 732 588 864 814 6 775 724 486 252 399 348 746 400 687 786 751 415 396 324 381 617 812 167 349 32 389 809 960 639 
574 54 204 198 499 278 727 363 965 868 89 466 569 393 637 752 419 106 648 357 570 656 517 304 13 975 33 327 54 321 275 623 454 651 501 9 225 704 409 78 628 877 22 692 492 366 250 337 8 647 437 127 50 228 523 145 706 221 810 741 700 564 612 426 299 241 87 484 926 1000 628 574 305 777 245 
616 295 697 714 353 135 255 533 902 732 778 613 147 130 768 280 593 414 234 5 681 405 663 705 656 536 781 583 372 238 271 765 566 954 116 661 96 711 996 706 265 57 872 812 502 526 698 701 452 61 163 452 811 229 436 682 661 1 31 516 711 362 279 248 743 526 21 763 119 40 381 146 673 312 144 
808 36 221 538 143 453 583 479 226 497 690 298 771 42 880 102 401 624 6 473 708 290 74 342 588 462 587 370 94 525 561 360 96 986 847 33 568 677 703 678 800 675 332 200 4 752 277 643 951 399 729 669 50 457 974 69 47 724 279 138 446 94 645 586 838 691 588 909 286 843 218 320 683 72 931 
78 373 150 73 364 846 651 947 436 530 665 451 100 485 530 740 79 450 524 19 253 536 741 165 39 266 312 474 798 590 208 192 780 149 237 227 650 573 181 844 788 524 212 736 626 750 759 218 336 9 670 915 321 591 752 153 583 523 83 126 870 503 92 210 906 798 116 244 878 286 884 461 494 760 338 
373 903 426 316 426 429 76 956 342 654 211 597 592 846 267 101 606 593 608 524 778 504 598 372 170 558 175 913 301 698 853 386 218 323 369 897 3 399 27 288 155 412 571 940 219 418 288 646 195 392 895 559 151 70 718 924 903 35 169 443 796 65 540 877 440 574 634 453 518 500 590 671 986 355 817 
700 625 36 499 173 948 753 557 814 209 316 446 102 115 486 932 139 307 241 141 435 518 712 551 960 465 669 613 988 547 75 899 590 938 421 396 315 233 766 753 392 296 707 421 175 252 918 863 993 353 20 400 163 709 89 414 419 270 58 528 597 95 764 434 345 375 739 899 807 731 350 453 958 685 81 
173 753 844 170 636 484 918 945 109 733 580 193 560 622 53 804 422 426 429 142 78 726 383 912 279 562 897 256 55 128 807 335 348 620 266 684 353 884 147 775 251 763 779 808 757 848 324 721 736 348 661 369 223 980 802 771 394 364 803 70 1000 381 790 510 411 735 367 963 159 723 879 952 860 738 962 
319 44 938 61 611 798 107 448 830 764 684 705 900 986 940 993 207 928 917 459 628 18 395 610 879 702 550 346 667 622 556 402 940 966 988 400 720 520 622 525 579 30 134 555 794 688 122 396 219 983 730 29 931 641 840 235 368 830 480 476 24 578 289 378 489 36 117 939 282 701 686 173 201 926 185 
976 471 716 151 179 418 581 297 412 874 871 717 563 198 894 343 662 879 655 113 250 76 36 469 904 440 495 498 982 649 553 718 824 858 173 675 359 484 105 661 217 824 189 778 688 737 288 531 455 536 135 379 387 719 182 213 751 857 940 667 554 706 986 868 116 99 285 517 727 465 908 652 211 439 196 
952 21 185 66 693 800 747 648 79 540 960 268 541 326 879 429 208 104 755 568 796 259 858 858 70 923 705 382 822 90 518 74 575 47 806 325 269 104 248 715 614 701 945 748 900 943 297 474 242 857 710 914 453 894 176 357 973 827 148 887 284 478 613 895 854 32 1000 897 954 471 223 976 256 943 417 
120 67 537 655 475 65 652 386 305 48 820 611 830 435 936 571 287 406 232 724 621 174 783 695 349 700 165 304 191 220 880 952 614 769 813 409 647 148 801 895 597 44 765 636 748 840 521 812 645 347 295 299 26 790 956 956 987 789 611 875 703 59 443 189 199 295 561 999 863 299 233 948 78 234 153 
11 633 747 398 616 835 755 612 538 79 135 216 141 153 218 696 233 514 268 869 138 578 724 808 849 115 272 419 91 308 130 33 873 659 588 696 488 159 608 286 785 28 745 842 980 856 318 468 656 974 752 944 870 961 626 735 295 747 224 607 699 814 803 452 876 355 668 390 66 962 599 349 905 545 867 
586 263 144 599 904 642 788 287 995 289 522 590 992 194 991 190 893 516 166 582 82 590 137 3 928 288 787 219 993 208 654 86 585 616 800 205 675 133 548 520 431 900 710 538 850 544 663 72 150 815 362 50 596 101 5 713 143 225 220 514 643 455 266 697 214 30 114 233 613 291 198 579 202 805 709 
574 45 866 466 254 793 234 675 352 753 411 615 556 106 476 275 484 578 855 111 565 697 560 572 803 15 259 337 161 807 173 439 897 242 361 225 921 87 782 112 887 313 735 206 471 505 779 545 226 846 366 339 33 803 328 703 362 800 92 614 138 819 4 555 964 800 443 116 737 302 227 955 80 197 41 
907 800 37 165 750 556 584 630 918 782 610 821 771 311 120 600 869 557 824 131 219 718 703 978 435 469 24 242 682 379 483 208 198 991 477 34 722 81 159 501 242 435 209 127 240 377 288 38 758 571 21 752 325 200 936 581 133 62 453 561 278 487 718 102 447 669 377 618 957 202 635 285 518 489 69 
862 614 545 774 110 57 507 618 133 506 634 338 779 212 331 491 986 999 669 835 802 374 634 137 213 454 806 701 805 841 848 136 546 596 823 749 504 197 102 904 368 898 339 517 854 94 501 196 451 533 676 468 836 50 21 166 715 718 574 44 260 428 55 737 459 699 474 842 124 428 196 710 387 372 124 
170 765 556 435 96 654 375 821 712 180 204 911 719 852 525 977 440 372 615 63 673 553 331 322 311 786 652 572 412 484 306 588 223 456 958 174 565 962 455 903 288 331 148 23 829 952 315 976 201 308 90 463 126 308 244 680 107 826 894 655 466 21 810 820 535 551 852 630 61 502 739 747 378 159 82 
950 838 408 104 323 960 916 660 256 290 805 853 884 646 493 994 972 105 421 965 235 887 426 301 122 279 308 932 736 560 57 790 996 404 210 107 793 884 332 23 849 901 954 616 829 969 785 447 764 641 476 123 970 457 137 98 378 764 939 938 511 410 865 479 32 959 184 509 187 998 300 225 755 309 501 
187 668 579 151 639 142 696 810 604 488 420 956 83 1000 371 323 468 200 358 640 943 643 781 752 303 560 21 852 435 429 340 556 31 40 677 720 536 859 904 111 767 206 576 371 216 761 964 220 668 258 70 884 556 516 696 636 678 529 137 701 405 200 202 529 508 914 853 138 227 74 976 435 405 404 422 
