13 57
319 202 143 277 507 703 685 24 271 313 251 476 312 
851 196 489 521 102 184 799 893 849 785 246 188 463 
344 259 860 872 17 173 833 442 684 89 16 977 517 
299 40 284 206 998 147 770 676 918 388 21 31 443 
736 390 374 481 74 778 787 382 786 523 346 980 86 
714 936 736 884 187 97 649 86 753 522 261 983 637 
689 920 237 793 66 279 199 497 387 12 977 548 122 
203 246 703 565 540 573 258 371 921 655 360 81 299 
392 961 511 592 868 34 676 137 500 776 791 377 257 
273 704 87 968 516 543 496 567 457 187 438 199 627 
365 86 666 909 341 361 815 155 13 753 339 707 526 
631 250 180 80 314 839 518 422 146 992 970 840 309 
566 763 474 682 971 148 54 709 509 716 430 67 690 
