1 
3 4 
7 6 12 
8 15 13 18 
12 28 14 24 24 
31 18 39 20 42 32 
36 24 60 31 42 40 56 
30 72 32 63 48 54 48 91 
38 60 56 90 42 96 44 84 78 
72 48 124 57 93 72 98 54 120 72 
120 80 90 60 168 62 96 104 127 84 144 
68 126 96 144 72 195 74 114 124 140 96 168 
80 186 121 126 84 224 108 132 120 180 90 234 112 
168 128 144 120 252 98 171 156 217 102 216 104 210 192 
162 108 280 110 216 152 248 114 240 144 210 182 180 144 360 
133 186 168 224 156 312 128 255 176 252 132 336 160 204 240 270 
138 288 140 336 192 216 168 403 180 222 228 266 150 372 152 300 234 
288 192 392 158 240 216 378 192 363 164 294 288 252 168 480 183 324 260 
308 174 360 248 372 240 270 180 546 182 336 248 360 228 384 216 336 320 360 
192 508 194 294 336 399 198 468 200 465 272 306 240 504 252 312 312 434 240 576 
212 378 288 324 264 600 256 330 296 504 252 456 224 504 403 342 228 560 230 432 384 
450 234 546 288 420 320 432 240 744 242 399 364 434 342 504 280 480 336 468 252 728 288 
384 432 511 258 528 304 588 390 396 264 720 324 480 360 476 270 720 272 558 448 414 372 672 
278 420 416 720 282 576 284 504 480 504 336 819 307 540 392 518 294 684 360 570 480 450 336 868 
352 456 408 620 372 702 308 672 416 576 312 840 314 474 624 560 318 648 360 762 432 576 360 847 434 
492 440 630 384 864 332 588 494 504 408 992 338 549 456 756 384 780 400 660 576 522 348 840 350 744 560 
756 354 720 432 630 576 540 360 1170 381 546 532 784 444 744 368 744 546 684 432 896 374 648 624 720 420 960 
380 840 512 576 384 1020 576 582 572 686 390 1008 432 855 528 594 480 1092 398 600 640 961 402 816 448 714 726 720 
456 1080 410 756 552 728 480 936 504 882 560 720 420 1344 422 636 624 810 558 864 496 756 672 792 432 1240 434 768 720 
770 480 888 440 1080 741 756 444 1064 540 672 600 1016 450 1209 504 798 608 684 672 1200 458 690 720 1008 462 1152 464 930 768 
702 468 1274 544 864 632 900 528 960 620 1008 702 720 480 1512 532 726 768 931 588 1092 488 930 656 1026 492 1176 540 840 936 992 
576 1008 500 1092 672 756 504 1560 612 864 732 896 510 1296 592 1023 800 774 624 1232 576 912 696 1260 522 1170 524 924 992 792 576 1488 
553 972 780 1120 588 1080 648 1020 720 810 684 1680 542 816 728 1134 660 1344 548 966 806 1116 600 1440 640 834 912 980 558 1248 616 1488 864 
846 564 1344 684 852 968 1080 570 1440 572 1176 768 1008 744 1651 578 921 776 1260 672 1176 648 1110 1092 882 588 1596 640 1080 792 1178 594 1440 864 
1050 800 1008 600 1860 602 1056 884 1064 798 1224 608 1260 960 1116 672 1638 614 924 1008 1440 618 1248 620 1344 960 936 720 1736 781 942 960 1106 684 1872 
632 1200 848 954 768 1512 798 1080 936 1530 642 1296 644 1344 1056 1080 648 1815 720 1302 1024 1148 654 1320 792 1302 962 1152 660 2016 662 996 1008 1260 960 1482 
720 1176 896 1224 744 2016 674 1014 1240 1281 678 1368 784 1620 912 1152 684 1820 828 1200 920 1364 756 1728 692 1218 1248 1044 840 1800 756 1050 936 1736 702 1680 760 
1524 1152 1062 816 1680 710 1296 1040 1350 768 1728 1008 1260 960 1080 720 2418 832 1143 968 1274 930 1596 728 1680 1093 1332 792 1736 734 1104 1368 1512 816 1638 740 1596 1120 
1296 744 1920 900 1122 1092 1512 864 1872 752 1488 1008 1260 912 2240 758 1140 1152 1800 762 1536 880 1344 1404 1152 840 2044 770 1728 1032 1358 774 1716 992 1470 1216 1170 840 2352 
864 1296 1200 1767 948 1584 788 1386 1056 1440 912 2340 868 1194 1296 1400 798 1920 864 1953 1170 1206 888 1904 1152 1344 1080 1530 810 2178 812 1680 1088 1368 984 2232 880 1230 1456 1764 
822 1656 824 1560 1488 1440 828 2184 830 1512 1112 1778 1026 1680 1008 1680 1280 1260 840 2880 871 1266 1128 1484 1098 1872 1064 1674 1136 1674 912 2016 854 1488 1560 1620 858 2016 860 1848 1344 
1296 864 2520 1044 1302 1228 1792 960 2160 952 1650 1274 1440 1248 2072 878 1320 1176 2232 882 2223 884 1764 1440 1332 888 2280 1024 1620 1452 1568 960 1800 1080 2040 1344 1350 960 2821 972 1512 1408 
1710 1092 1824 908 1596 1326 2016 912 2480 1008 1374 1488 1610 1056 2160 920 2160 1232 1386 1008 2688 1178 1392 1352 1890 930 2304 1140 1638 1248 1404 1296 2730 938 1632 1256 2016 942 1896 1008 1860 1920 1584 
948 2240 1036 1860 1272 2160 954 2106 1152 1680 1440 1440 1104 3048 993 1596 1404 1694 1164 2304 968 1995 1440 1764 972 2548 1120 1464 1736 1922 978 1968 1080 2394 1430 1476 984 2520 1188 1620 1536 1960 1056 2808 
992 2016 1328 1728 1200 2352 998 1500 1520 2340 1344 2016 1080 1764 1632 1512 1080 3224 1010 1836 1352 2016 1014 2196 1440 1920 1482 1530 1020 3024 1022 1776 1536 2047 1302 2400 1120 1806 1600 1872 1032 2640 1034 1728 1872 
2128 1116 2088 1040 2604 1392 1566 1200 2730 1440 1572 1400 1980 1050 2976 1052 1848 1694 1728 1272 3024 1216 1659 1416 2268 1062 2340 1064 2400 1728 1764 1176 2520 1070 1944 1872 2108 1140 2160 1364 1890 1440 2052 1176 3600 1152 
1626 1524 1904 1536 2184 1088 2286 1729 1980 1092 3136 1094 1644 1776 2070 1098 2418 1264 2604 1472 1800 1104 2976 1512 1920 1680 1946 1110 2736 1224 2100 1728 1674 1344 2912 1118 1848 1496 3024 1200 2592 1124 1974 2028 1692 1368 2880 
1130 2052 1680 1988 1248 2904 1368 2232 1520 1710 1224 3360 1312 1716 1664 2520 1380 2304 1216 2352 1536 2232 1152 3315 1154 1734 2304 2149 1260 2328 1240 2700 1760 2016 1164 2744 1404 1944 1560 2294 1344 3276 1172 2058 1728 1764 1488 3420 
1296 1920 1716 2520 1182 2376 1464 2394 1920 1782 1188 3360 1260 2592 1592 2250 1194 2400 1440 2352 2080 1800 1320 3844 1202 1806 1608 2464 1452 2652 1296 2280 1792 2394 1392 2856 1214 1824 2184 2540 1218 2880 1296 2604 1824 2016 1224 3510 1767 
1842 1640 2156 1230 3024 1232 2976 1794 1854 1680 2912 1238 1860 1920 2880 1332 2880 1368 2184 2016 2160 1320 3528 1250 2343 1820 2198 1440 2880 1512 2370 1680 2052 1260 4368 1372 1896 1688 2480 1728 2544 1456 2226 1920 2304 1344 3240 1360 2394 2232 
2520 1278 2808 1280 3066 1984 1926 1284 3024 1548 1932 2184 2880 1290 3168 1292 2520 1728 1944 1824 3751 1298 2160 1736 3038 1302 3072 1304 2460 2340 1962 1308 3080 1728 2376 1920 2646 1428 2886 1584 2688 1760 1980 1320 4320 1322 1986 2280 2324 1674 3024 
1328 2604 1776 2880 1464 3458 1408 2160 2160 2520 1536 2688 1456 2856 1950 2232 1440 4064 1620 2022 1800 2366 1440 3720 1552 2745 2016 2034 1632 3192 1440 2352 1976 3348 1362 2736 1440 2688 2688 2052 1368 3900 1407 2484 1832 2800 1374 2760 1872 2772 2178 2268 
1584 4032 1382 2076 1848 2610 1668 3744 1480 2436 1856 2520 1512 3720 1600 2268 2496 2450 1536 2808 1400 3720 1872 2106 1488 3920 1692 2280 2176 3060 1410 3456 1512 2478 2054 2448 1704 3600 1540 2130 2112 3024 1710 3120 1424 2790 2480 2304 1428 4032 1430 3024 2160 
2700 1434 2880 2016 2520 1920 2160 1440 4914 1584 2496 2128 2667 1842 2904 1448 2730 2496 2790 1452 3724 1454 2184 2352 3472 1536 3279 1460 3108 1952 2376 1920 3720 1764 2202 2132 2576 1596 4104 1472 3048 1968 2448 1860 3822 1696 2220 2160 3420 1482 3360 1484 3024 2880 
2232 1488 3968 1490 2700 2304 2618 1494 3276 2016 3240 2000 2592 1500 4368 1600 2256 2184 3024 2112 3024 1656 2940 2016 2736 1512 4800 1620 2274 2448 2660 1596 3456 1824 3720 2379 2286 1524 3584 1922 2640 2040 2880 1680 4212 1532 2688 2368 2520 1848 4092 1620 2310 2420 4032 
1632 3096 1544 2910 2496 2322 2016 4004 1550 2976 2304 3038 1554 3648 1872 2730 2262 2520 1560 5040 1792 2592 2088 3024 1884 3600 1568 3591 2096 2844 1572 3696 1862 2364 3224 2970 1680 3168 1580 3360 2304 2736 1584 4836 1908 2604 2212 2786 1824 3888 1672 3000 2400 2394 2160 4480 
1598 2592 2352 3937 1602 3510 1840 2814 2592 2664 1608 4080 1610 3456 2340 3136 1614 3240 2160 3162 2736 2430 1620 5082 1622 2436 2168 3600 2184 3264 1628 3192 2366 2952 1872 4536 1728 2640 2640 2870 1638 4368 1800 3780 2192 2466 1728 3864 2304 2472 2480 3224 1764 4464 1792 3360 2400 
2484 1992 4680 1658 2490 2560 3528 1824 3336 1664 3570 2964 3078 1668 3920 1670 3024 2232 3600 1920 3840 2108 2940 2464 2520 1776 5952 1723 2613 2808 2954 2028 3384 1936 3180 2256 3294 1800 4368 1694 3192 2736 3402 1698 3408 1700 3906 2912 2736 1848 4320 2304 2562 2280 3472 1710 4680 1800 
3348 2288 2574 2400 4704 1836 2580 2496 3960 1722 4032 1724 3024 2976 2592 1896 5080 2240 3132 2312 3038 1734 3684 2088 3840 2522 2880 1824 5040 1742 2856 2688 3410 2100 3822 1748 3360 2592 3744 1872 4440 1754 2634 3360 3080 2016 3528 1760 4536 2352 2646 1848 5187 2124 2652 2560 3780 1860 4320 
2304 3108 2574 2664 2232 4712 1778 3072 2376 3780 1932 4356 1784 3360 3456 2880 1788 4200 1790 3240 2600 4088 1968 4032 2160 3150 2400 2880 2064 6045 1802 2916 2408 3528 2286 4224 1960 3534 2720 3276 1812 4256 2166 2724 3192 3420 1920 3978 1944 4704 2432 2736 1824 5040 2294 3024 3120 3206 1920 4464 
1832 3450 2688 3168 2208 5040 2016 2760 2456 4464 2112 3696 1960 3234 3276 3024 1848 5760 1893 3534 2472 3248 1980 4056 2592 3810 2480 2790 2196 5376 1862 3420 2904 3510 2244 3744 1868 3276 2880 3888 1872 5642 1874 2814 3124 3808 1878 3768 1880 4320 3120 2826 2160 4424 2520 3024 2736 3780 1890 5760 1984 
3696 2528 2844 2280 4800 2176 3108 2756 4340 1902 3816 2088 4464 3072 2862 1908 4914 2016 3456 3192 3600 1914 4320 2304 3360 2880 3312 2040 6120 2052 2979 2568 3724 2976 4212 2016 3630 2576 3492 1932 5376 1934 2904 3432 4123 2100 4320 2224 4116 2592 2916 2040 5460 2340 3360 2880 3416 1950 5208 1952 3906 3328 
2934 2592 4592 2080 3240 2616 5130 2052 4290 2128 3444 3168 2952 2256 5208 2160 3564 2960 3780 1974 4608 2480 4200 2640 3168 1980 6552 2272 2976 2648 4064 2388 3984 1988 4032 3276 3600 2184 5040 1994 2994 3840 3500 1998 4560 2000 4836 2880 4032 2004 4704 2412 3240 2912 3780 2394 4896 2012 3528 2976 3240 2688 6552 
2018 3030 2696 4284 2112 4056 2456 4320 3751 3042 2028 5124 2030 4320 2712 3968 2160 4446 2736 3570 3136 3060 2040 6480 2212 3066 2964 4144 2460 4608 2160 4095 2736 3906 2352 5600 2054 3360 3312 3870 2394 4800 2160 4368 2990 3096 2064 5456 2880 3102 3024 4032 2070 5616 2200 4560 2768 3348 2604 4872 2176 3120 3840 5292 
2082 4176 2084 3654 3360 3600 2088 5850 2090 4320 3024 3668 2688 4200 2520 4092 3042 3150 2100 6944 2304 3156 2808 3960 2532 5082 2508 4032 3040 3816 2112 6096 2114 3648 3744 3871 2220 4248 2296 4860 3264 3186 2328 5460 2808 3192 2840 4960 2130 5184 2132 4116 3200 3528 2976 5400 2138 3210 3072 4536 2142 5616 2144 4284 4032 
3420 2280 5040 2464 4092 3120 4050 2154 4320 2592 4788 2880 3528 2304 7440 2162 3456 3328 3794 2604 4572 2376 4080 3146 4608 2352 5096 2268 3264 3720 4590 2496 5187 2180 4620 2912 3276 2280 6720 2880 3282 3280 3836 2400 5328 2512 4278 3168 3294 2640 5642 2380 3792 2936 5580 2304 4416 2204 4200 4446 3312 2208 6048 2257 4536 3264 
4480 2214 5040 2664 4170 2960 3330 2544 6384 2222 3672 3640 4340 2790 5184 2376 3906 2976 4032 2352 6240 2880 3354 3600 4312 2238 4488 2240 6096 3360 3600 2244 6048 2700 3372 3456 4230 2436 6084 2252 3948 3008 4104 3024 5952 2356 3390 3276 4788 2880 5040 2368 4260 3648 3744 2268 6776 2270 4104 3032 4536 2274 4560 3472 3990 3744 3672 
2376 7200 2282 3936 3048 4004 2748 4992 2288 5208 3520 4140 2400 5376 2294 3648 4320 5040 2298 4608 2660 5208 3360 3456 2736 6643 2772 3462 3080 4046 2310 6912 2312 4605 3354 3780 2784 5432 2656 3720 3096 5580 2544 5280 2448 4704 3968 3492 2520 5880 2484 4212 3952 4536 2334 4680 2808 4662 3360 4032 2340 7644 2342 3516 3456 4410 3264 5184 
1 
3 4 
7 6 12 
8 15 13 18 
12 28 14 24 24 
31 18 39 20 42 32 
36 24 60 31 42 40 56 
30 72 32 63 48 54 48 91 
38 60 56 90 42 96 44 84 78 
72 48 124 57 93 72 98 54 120 72 
120 80 90 60 168 62 96 104 127 84 144 
68 126 96 144 72 195 74 114 124 140 96 168 
80 186 121 126 84 224 108 132 120 180 90 234 112 
168 128 144 120 252 98 171 156 217 102 216 104 210 192 
162 108 280 110 216 152 248 114 240 144 210 182 180 144 360 
133 186 168 224 156 312 128 255 176 252 132 336 160 204 240 270 
138 288 140 336 192 216 168 403 180 222 228 266 150 372 152 300 234 
288 192 392 158 240 216 378 192 363 164 294 288 252 168 480 183 324 260 
308 174 360 248 372 240 270 180 546 182 336 248 360 228 384 216 336 320 360 
192 508 194 294 336 399 198 468 200 465 272 306 240 504 252 312 312 434 240 576 
212 378 288 324 264 600 256 330 296 504 252 456 224 504 403 342 228 560 230 432 384 
450 234 546 288 420 320 432 240 744 242 399 364 434 342 504 280 480 336 468 252 728 288 
384 432 511 258 528 304 588 390 396 264 720 324 480 360 476 270 720 272 558 448 414 372 672 
278 420 416 720 282 576 284 504 480 504 336 819 307 540 392 518 294 684 360 570 480 450 336 868 
352 456 408 620 372 702 308 672 416 576 312 840 314 474 624 560 318 648 360 762 432 576 360 847 434 
492 440 630 384 864 332 588 494 504 408 992 338 549 456 756 384 780 400 660 576 522 348 840 350 744 560 
756 354 720 432 630 576 540 360 1170 381 546 532 784 444 744 368 744 546 684 432 896 374 648 624 720 420 960 
380 840 512 576 384 1020 576 582 572 686 390 1008 432 855 528 594 480 1092 398 600 640 961 402 816 448 714 726 720 
456 1080 410 756 552 728 480 936 504 882 560 720 420 1344 422 636 624 810 558 864 496 756 672 792 432 1240 434 768 720 
770 480 888 440 1080 741 756 444 1064 540 672 600 1016 450 1209 504 798 608 684 672 1200 458 690 720 1008 462 1152 464 930 768 
702 468 1274 544 864 632 900 528 960 620 1008 702 720 480 1512 532 726 768 931 588 1092 488 930 656 1026 492 1176 540 840 936 992 
576 1008 500 1092 672 756 504 1560 612 864 732 896 510 1296 592 1023 800 774 624 1232 576 912 696 1260 522 1170 524 924 992 792 576 1488 
553 972 780 1120 588 1080 648 1020 720 810 684 1680 542 816 728 1134 660 1344 548 966 806 1116 600 1440 640 834 912 980 558 1248 616 1488 864 
846 564 1344 684 852 968 1080 570 1440 572 1176 768 1008 744 1651 578 921 776 1260 672 1176 648 1110 1092 882 588 1596 640 1080 792 1178 594 1440 864 
1050 800 1008 600 1860 602 1056 884 1064 798 1224 608 1260 960 1116 672 1638 614 924 1008 1440 618 1248 620 1344 960 936 720 1736 781 942 960 1106 684 1872 
