1 
3 4 
7 6 12 
8 15 13 18 
12 28 14 24 24 
31 18 39 20 42 32 
36 24 60 31 42 40 56 
30 72 32 63 48 54 48 91 
38 60 56 90 42 96 44 84 78 
72 48 124 57 93 72 98 54 120 72 
120 80 90 60 168 62 96 104 127 84 144 
68 126 96 144 72 195 74 114 124 140 96 168 
80 186 121 126 84 224 108 132 120 180 90 234 112 
168 128 144 120 252 98 171 156 217 102 216 104 210 192 
162 108 280 110 216 152 248 114 240 144 210 182 180 144 360 
133 186 168 224 156 312 128 255 176 252 132 336 160 204 240 270 
138 288 140 336 192 216 168 403 180 222 228 266 150 372 152 300 234 
288 192 392 158 240 216 378 192 363 164 294 288 252 168 480 183 324 260 
308 174 360 248 372 240 270 180 546 182 336 248 360 228 384 216 336 320 360 
1 
3 4 
7 6 12 
8 15 13 18 
12 28 14 24 24 
31 18 39 20 42 32 
36 24 60 31 42 40 56 
30 72 32 63 48 54 48 91 
38 60 56 90 42 96 44 84 78 
72 48 124 57 93 72 98 54 120 72 
120 80 90 60 168 62 96 104 127 84 144 
68 126 96 144 72 195 74 114 124 140 96 168 
80 186 121 126 84 224 108 132 120 180 90 234 112 
168 128 144 120 252 98 171 156 217 102 216 104 210 192 
162 108 280 110 216 152 248 114 240 144 210 182 180 144 360 
133 186 168 224 156 312 128 255 176 252 132 336 160 204 240 270 
138 288 140 336 192 216 168 403 180 222 228 266 150 372 152 300 234 
288 192 392 158 240 216 378 192 363 164 294 288 252 168 480 183 324 260 
308 174 360 248 372 240 270 180 546 182 336 248 360 228 384 216 336 320 360 
192 508 194 294 336 399 198 468 200 465 272 306 240 504 252 312 312 434 240 576 
212 378 288 324 264 600 256 330 296 504 252 456 224 504 403 342 228 560 230 432 384 
450 234 546 288 420 320 432 240 744 242 399 364 434 342 504 280 480 336 468 252 728 288 
384 432 511 258 528 304 588 390 396 264 720 324 480 360 476 270 720 272 558 448 414 372 672 
278 420 416 720 282 576 284 504 480 504 336 819 307 540 392 518 294 684 360 570 480 450 336 868 
352 456 408 620 372 702 308 672 416 576 312 840 314 474 624 560 318 648 360 762 432 576 360 847 434 
492 440 630 384 864 332 588 494 504 408 992 338 549 456 756 384 780 400 660 576 522 348 840 350 744 560 
756 354 720 432 630 576 540 360 1170 381 546 532 784 444 744 368 744 546 684 432 896 374 648 624 720 420 960 
380 840 512 576 384 1020 576 582 572 686 390 1008 432 855 528 594 480 1092 398 600 640 961 402 816 448 714 726 720 
456 1080 410 756 552 728 480 936 504 882 560 720 420 1344 422 636 624 810 558 864 496 756 672 792 432 1240 434 768 720 
770 480 888 440 1080 741 756 444 1064 540 672 600 1016 450 1209 504 798 608 684 672 1200 458 690 720 1008 462 1152 464 930 768 
702 468 1274 544 864 632 900 528 960 620 1008 702 720 480 1512 532 726 768 931 588 1092 488 930 656 1026 492 1176 540 840 936 992 
576 1008 500 1092 672 756 504 1560 612 864 732 896 510 1296 592 1023 800 774 624 1232 576 912 696 1260 522 1170 524 924 992 792 576 1488 
553 972 780 1120 588 1080 648 1020 720 810 684 1680 542 816 728 1134 660 1344 548 966 806 1116 600 1440 640 834 912 980 558 1248 616 1488 864 
846 564 1344 684 852 968 1080 570 1440 572 1176 768 1008 744 1651 578 921 776 1260 672 1176 648 1110 1092 882 588 1596 640 1080 792 1178 594 1440 864 
1050 800 1008 600 1860 602 1056 884 1064 798 1224 608 1260 960 1116 672 1638 614 924 1008 1440 618 1248 620 1344 960 936 720 1736 781 942 960 1106 684 1872 
632 1200 848 954 768 1512 798 1080 936 1530 642 1296 644 1344 1056 1080 648 1815 720 1302 1024 1148 654 1320 792 1302 962 1152 660 2016 662 996 1008 1260 960 1482 
720 1176 896 1224 744 2016 674 1014 1240 1281 678 1368 784 1620 912 1152 684 1820 828 1200 920 1364 756 1728 692 1218 1248 1044 840 1800 756 1050 936 1736 702 1680 760 
1524 1152 1062 816 1680 710 1296 1040 1350 768 1728 1008 1260 960 1080 720 2418 832 1143 968 1274 930 1596 728 1680 1093 1332 792 1736 734 1104 1368 1512 816 1638 740 1596 1120 
1296 744 1920 900 1122 1092 1512 864 1872 752 1488 1008 1260 912 2240 758 1140 1152 1800 762 1536 880 1344 1404 1152 840 2044 770 1728 1032 1358 774 1716 992 1470 1216 1170 840 2352 
864 1296 1200 1767 948 1584 788 1386 1056 1440 912 2340 868 1194 1296 1400 798 1920 864 1953 1170 1206 888 1904 1152 1344 1080 1530 810 2178 812 1680 1088 1368 984 2232 880 1230 1456 1764 
822 1656 824 1560 1488 1440 828 2184 830 1512 1112 1778 1026 1680 1008 1680 1280 1260 840 2880 871 1266 1128 1484 1098 1872 1064 1674 1136 1674 912 2016 854 1488 1560 1620 858 2016 860 1848 1344 
1296 864 2520 1044 1302 1228 1792 960 2160 952 1650 1274 1440 1248 2072 878 1320 1176 2232 882 2223 884 1764 1440 1332 888 2280 1024 1620 1452 1568 960 1800 1080 2040 1344 1350 960 2821 972 1512 1408 
1710 1092 1824 908 1596 1326 2016 912 2480 1008 1374 1488 1610 1056 2160 920 2160 1232 1386 1008 2688 1178 1392 1352 1890 930 2304 1140 1638 1248 1404 1296 2730 938 1632 1256 2016 942 1896 1008 1860 1920 1584 
948 2240 1036 1860 1272 2160 954 2106 1152 1680 1440 1440 1104 3048 993 1596 1404 1694 1164 2304 968 1995 1440 1764 972 2548 1120 1464 1736 1922 978 1968 1080 2394 1430 1476 984 2520 1188 1620 1536 1960 1056 2808 
992 2016 1328 1728 1200 2352 998 1500 1520 2340 1344 2016 1080 1764 1632 1512 1080 3224 1010 1836 1352 2016 1014 2196 1440 1920 1482 1530 1020 3024 1022 1776 1536 2047 1302 2400 1120 1806 1600 1872 1032 2640 1034 1728 1872 
2128 1116 2088 1040 2604 1392 1566 1200 2730 1440 1572 1400 1980 1050 2976 1052 1848 1694 1728 1272 3024 1216 1659 1416 2268 1062 2340 1064 2400 1728 1764 1176 2520 1070 1944 1872 2108 1140 2160 1364 1890 1440 2052 1176 3600 1152 
1626 1524 1904 1536 2184 1088 2286 1729 1980 1092 3136 1094 1644 1776 2070 1098 2418 1264 2604 1472 1800 1104 2976 1512 1920 1680 1946 1110 2736 1224 2100 1728 1674 1344 2912 1118 1848 1496 3024 1200 2592 1124 1974 2028 1692 1368 2880 
1130 2052 1680 1988 1248 2904 1368 2232 1520 1710 1224 3360 1312 1716 1664 2520 1380 2304 1216 2352 1536 2232 1152 3315 1154 1734 2304 2149 1260 2328 1240 2700 1760 2016 1164 2744 1404 1944 1560 2294 1344 3276 1172 2058 1728 1764 1488 3420 
1296 1920 1716 2520 1182 2376 1464 2394 1920 1782 1188 3360 1260 2592 1592 2250 1194 2400 1440 2352 2080 1800 1320 3844 1202 1806 1608 2464 1452 2652 1296 2280 1792 2394 1392 2856 1214 1824 2184 2540 1218 2880 1296 2604 1824 2016 1224 3510 1767 
1842 1640 2156 1230 3024 1232 2976 1794 1854 1680 2912 1238 1860 1920 2880 1332 2880 1368 2184 2016 2160 1320 3528 1250 2343 1820 2198 1440 2880 1512 2370 1680 2052 1260 4368 1372 1896 1688 2480 1728 2544 1456 2226 1920 2304 1344 3240 1360 2394 2232 
2520 1278 2808 1280 3066 1984 1926 1284 3024 1548 1932 2184 2880 1290 3168 1292 2520 1728 1944 1824 3751 1298 2160 1736 3038 1302 3072 1304 2460 2340 1962 1308 3080 1728 2376 1920 2646 1428 2886 1584 2688 1760 1980 1320 4320 1322 1986 2280 2324 1674 3024 
1328 2604 1776 2880 1464 3458 1408 2160 2160 2520 1536 2688 1456 2856 1950 2232 1440 4064 1620 2022 1800 2366 1440 3720 1552 2745 2016 2034 1632 3192 1440 2352 1976 3348 1362 2736 1440 2688 2688 2052 1368 3900 1407 2484 1832 2800 1374 2760 1872 2772 2178 2268 
1584 4032 1382 2076 1848 2610 1668 3744 1480 2436 1856 2520 1512 3720 1600 2268 2496 2450 1536 2808 1400 3720 1872 2106 1488 3920 1692 2280 2176 3060 1410 3456 1512 2478 2054 2448 1704 3600 1540 2130 2112 3024 1710 3120 1424 2790 2480 2304 1428 4032 1430 3024 2160 
2700 1434 2880 2016 2520 1920 2160 1440 4914 1584 2496 2128 2667 1842 2904 1448 2730 2496 2790 1452 3724 1454 2184 2352 3472 1536 3279 1460 3108 1952 2376 1920 3720 1764 2202 2132 2576 1596 4104 1472 3048 1968 2448 1860 3822 1696 2220 2160 3420 1482 3360 1484 3024 2880 
2232 1488 3968 1490 2700 2304 2618 1494 3276 2016 3240 2000 2592 1500 4368 1600 2256 2184 3024 2112 3024 1656 2940 2016 2736 1512 4800 1620 2274 2448 2660 1596 3456 1824 3720 2379 2286 1524 3584 1922 2640 2040 2880 1680 4212 1532 2688 2368 2520 1848 4092 1620 2310 2420 4032 
1632 3096 1544 2910 2496 2322 2016 4004 1550 2976 2304 3038 1554 3648 1872 2730 2262 2520 1560 5040 1792 2592 2088 3024 1884 3600 1568 3591 2096 2844 1572 3696 1862 2364 3224 2970 1680 3168 1580 3360 2304 2736 1584 4836 1908 2604 2212 2786 1824 3888 1672 3000 2400 2394 2160 4480 
1598 2592 2352 3937 1602 3510 1840 2814 2592 2664 1608 4080 1610 3456 2340 3136 1614 3240 2160 3162 2736 2430 1620 5082 1622 2436 2168 3600 2184 3264 1628 3192 2366 2952 1872 4536 1728 2640 2640 2870 1638 4368 1800 3780 2192 2466 1728 3864 2304 2472 2480 3224 1764 4464 1792 3360 2400 
2484 1992 4680 1658 2490 2560 3528 1824 3336 1664 3570 2964 3078 1668 3920 1670 3024 2232 3600 1920 3840 2108 2940 2464 2520 1776 5952 1723 2613 2808 2954 2028 3384 1936 3180 2256 3294 1800 4368 1694 3192 2736 3402 1698 3408 1700 3906 2912 2736 1848 4320 2304 2562 2280 3472 1710 4680 1800 
3348 2288 2574 2400 4704 1836 2580 2496 3960 1722 4032 1724 3024 2976 2592 1896 5080 2240 3132 2312 3038 1734 3684 2088 3840 2522 2880 1824 5040 1742 2856 2688 3410 2100 3822 1748 3360 2592 3744 1872 4440 1754 2634 3360 3080 2016 3528 1760 4536 2352 2646 1848 5187 2124 2652 2560 3780 1860 4320 
2304 3108 2574 2664 2232 4712 1778 3072 2376 3780 1932 4356 1784 3360 3456 2880 1788 4200 1790 3240 2600 4088 1968 4032 2160 3150 2400 2880 2064 6045 1802 2916 2408 3528 2286 4224 1960 3534 2720 3276 1812 4256 2166 2724 3192 3420 1920 3978 1944 4704 2432 2736 1824 5040 2294 3024 3120 3206 1920 4464 
1832 3450 2688 3168 2208 5040 2016 2760 2456 4464 2112 3696 1960 3234 3276 3024 1848 5760 1893 3534 2472 3248 1980 4056 2592 3810 2480 2790 2196 5376 1862 3420 2904 3510 2244 3744 1868 3276 2880 3888 1872 5642 1874 2814 3124 3808 1878 3768 1880 4320 3120 2826 2160 4424 2520 3024 2736 3780 1890 5760 1984 
3696 2528 2844 2280 4800 2176 3108 2756 4340 1902 3816 2088 4464 3072 2862 1908 4914 2016 3456 3192 3600 1914 4320 2304 3360 2880 3312 2040 6120 2052 2979 2568 3724 2976 4212 2016 3630 2576 3492 1932 5376 1934 2904 3432 4123 2100 4320 2224 4116 2592 2916 2040 5460 2340 3360 2880 3416 1950 5208 1952 3906 3328 
2934 2592 4592 2080 3240 2616 5130 2052 4290 2128 3444 3168 2952 2256 5208 2160 3564 2960 3780 1974 4608 2480 4200 2640 3168 1980 6552 2272 2976 2648 4064 2388 3984 1988 4032 3276 3600 2184 5040 1994 2994 3840 3500 1998 4560 2000 4836 2880 4032 2004 4704 2412 3240 2912 3780 2394 4896 2012 3528 2976 3240 2688 6552 
2018 3030 2696 4284 2112 4056 2456 4320 3751 3042 2028 5124 2030 4320 2712 3968 2160 4446 2736 3570 3136 3060 2040 6480 2212 3066 2964 4144 2460 4608 2160 4095 2736 3906 2352 5600 2054 3360 3312 3870 2394 4800 2160 4368 2990 3096 2064 5456 2880 3102 3024 4032 2070 5616 2200 4560 2768 3348 2604 4872 2176 3120 3840 5292 
2082 4176 2084 3654 3360 3600 2088 5850 2090 4320 3024 3668 2688 4200 2520 4092 3042 3150 2100 6944 2304 3156 2808 3960 2532 5082 2508 4032 3040 3816 2112 6096 2114 3648 3744 3871 2220 4248 2296 4860 3264 3186 2328 5460 2808 3192 2840 4960 2130 5184 2132 4116 3200 3528 2976 5400 2138 3210 3072 4536 2142 5616 2144 4284 4032 
3420 2280 5040 2464 4092 3120 4050 2154 4320 2592 4788 2880 3528 2304 7440 2162 3456 3328 3794 2604 4572 2376 4080 3146 4608 2352 5096 2268 3264 3720 4590 2496 5187 2180 4620 2912 3276 2280 6720 2880 3282 3280 3836 2400 5328 2512 4278 3168 3294 2640 5642 2380 3792 2936 5580 2304 4416 2204 4200 4446 3312 2208 6048 2257 4536 3264 
4480 2214 5040 2664 4170 2960 3330 2544 6384 2222 3672 3640 4340 2790 5184 2376 3906 2976 4032 2352 6240 2880 3354 3600 4312 2238 4488 2240 6096 3360 3600 2244 6048 2700 3372 3456 4230 2436 6084 2252 3948 3008 4104 3024 5952 2356 3390 3276 4788 2880 5040 2368 4260 3648 3744 2268 6776 2270 4104 3032 4536 2274 4560 3472 3990 3744 3672 
2376 7200 2282 3936 3048 4004 2748 4992 2288 5208 3520 4140 2400 5376 2294 3648 4320 5040 2298 4608 2660 5208 3360 3456 2736 6643 2772 3462 3080 4046 2310 6912 2312 4605 3354 3780 2784 5432 2656 3720 3096 5580 2544 5280 2448 4704 3968 3492 2520 5880 2484 4212 3952 4536 2334 4680 2808 4662 3360 4032 2340 7644 2342 3516 3456 4410 3264 5184 
2348 4116 3630 4464 2352 7068 2548 3888 3792 4480 2358 5148 2704 5400 3152 3546 2520 5544 3168 4392 3432 4826 2496 5760 2372 4158 3648 3564 3120 7200 2378 3780 3472 6048 2382 4776 2384 4650 4212 3582 3072 5600 2390 4320 3192 5040 2394 6240 2880 4200 3456 3960 2400 7812 2801 3606 3600 4214 3192 4824 2520 5280 3552 4356 2412 6188 2560 3888 4608 
4712 2418 5376 2520 5586 3510 4176 2424 6120 3038 3642 3240 4256 2784 6552 3024 5100 3248 3654 2928 6720 2438 3888 3536 5580 2442 5472 2800 4704 3936 3672 2448 7254 2560 5301 3520 4298 2688 4920 2952 4620 4480 3690 2460 7056 2592 3696 3288 6048 3240 5382 2468 4326 3296 5040 2832 6240 2474 3714 4836 4340 2478 5760 2584 5952 3312 3996 2688 6720 3456 
4104 3320 4680 2640 6048 2592 5040 3614 3960 3000 7112 2736 3750 4104 5467 2604 5460 2504 4710 4032 4320 2640 6720 2716 4536 3872 4898 2880 5040 3024 4788 3360 3780 2760 9360 2522 4116 3484 4424 3162 5064 3048 5040 3666 5184 2532 5936 2700 4368 4392 4770 2640 5760 2540 5376 4256 4032 2544 6696 3060 4080 3692 5586 2550 6696 2552 5400 3648 3834 3552 6552 
2558 3840 3416 6138 2772 5952 2808 4494 4800 3852 2736 6480 2944 4644 3432 4508 2688 6552 3224 5952 3440 3870 2580 7392 2700 3876 4368 5400 3456 5184 2800 4536 3456 5472 2592 7623 2594 3894 4176 5040 3078 5208 2736 6510 3991 3906 2760 7168 3132 3912 3840 5084 2610 7020 2992 4578 3808 3924 3144 6600 2618 5184 3920 5544 2622 5760 2728 5334 4992 4284 2736 6734 
2880 4752 3512 5760 2634 5280 3456 4620 3822 3960 3360 8928 2800 3966 3528 4634 3318 6840 2648 4980 3536 5022 2904 7056 3040 3984 4680 5292 2658 5328 2660 6720 3552 4392 2664 7410 3528 4224 4096 5040 2844 6480 2672 5208 4368 4608 3348 6272 2678 4368 3840 6120 3072 5850 2684 5208 4320 4320 2688 8160 2690 4860 4368 4718 2694 5400 4104 5070 3840 4320 2700 8680 2812 
4656 3888 5673 3252 6048 2708 4746 4576 4896 2712 6840 2714 4320 4368 5488 3360 5928 2720 6804 3632 4086 3120 6384 3410 4320 4080 5760 2730 8064 2732 4788 3648 4104 3288 8060 3456 4221 4032 5796 2742 5496 2968 6000 4836 4122 2856 6440 2750 5616 4224 5588 2754 6534 3600 5292 3680 4752 2880 8640 3024 4146 4004 4844 3840 5544 2768 5394 4032 5004 2952 8736 2880 4440 4712 
5220 2778 5568 3184 5880 4160 4536 3192 7560 3348 4800 3720 5292 2790 7488 2792 5250 4560 4608 3696 6552 2798 4200 4056 7688 2802 5616 2804 4914 5184 4464 3216 8400 2863 5076 3752 5320 2940 6528 3384 6132 4082 4230 2820 8064 3584 4536 3768 5310 3534 6162 3096 5712 4032 5112 3000 7440 2834 4620 5808 4970 2838 6336 3024 6480 3792 5130 2844 7280 3420 4272 4144 5670 3648 7440 
2852 5376 4134 4284 3432 8640 2858 4290 3816 7056 2862 6480 3280 5580 4608 4302 2976 6720 3040 6048 4680 5400 3294 5760 3744 5040 4416 4320 2880 9906 2992 4752 3972 5824 3468 6384 2888 5715 4320 5526 3420 6776 3168 4344 4656 5642 2898 7488 3136 6510 3872 4356 2904 7980 4032 4362 4680 5096 2910 7056 3024 7056 3888 4608 3888 7651 2918 4380 4480 6660 3072 5856 3040 5544 5642 5760 
2928 7688 3060 5292 3912 5138 3360 6396 3528 5520 4320 4788 2940 9576 3132 4416 4400 6120 3840 5904 3376 5712 3936 5580 3192 8190 2954 5088 4752 5180 2958 6480 3240 7068 4992 4446 2964 7840 3564 4452 4224 6480 2970 8640 2972 5208 3968 4464 4464 8064 3220 4470 4316 6300 3264 6912 3160 5610 4800 4482 3120 7644 3534 6048 3992 6696 3108 6000 3600 6048 4598 4500 3000 9360 3002 4800 5376 
5264 3612 6552 3136 6096 4320 6336 3012 7056 3168 4968 5304 6300 3456 6048 3020 6384 4320 4536 3024 9920 4123 4860 4040 5306 3276 7344 3472 5700 4394 4788 3648 8064 3038 5472 4056 7560 3042 7137 3240 5334 5760 4572 3336 7680 3050 5766 4560 6160 3168 6120 4032 5952 4080 5040 3840 9828 3062 4596 4088 5760 3684 7104 3068 5880 4992 5544 3192 8188 3520 4860 5208 5390 3276 7260 3080 8640 4480 
4896 3084 7224 3708 4632 5200 6014 3090 7488 3384 5418 4128 6048 3720 8580 3280 4650 4136 6944 3552 6912 3240 6174 5760 4662 3360 8512 3110 5616 4464 5850 3408 6786 4320 5880 4160 4680 3120 10416 3122 5376 4524 6048 3906 6264 3240 6480 4800 5652 3264 8400 3388 4704 5760 7239 3138 6288 3256 6636 4550 4716 3600 7920 4104 5586 4200 5516 3264 9672 3312 6138 4208 5040 3792 7392 4032 4740 5096 7200 
3300 6912 3164 6384 5088 4752 3168 9828 3170 5724 4864 6076 3360 6636 3968 5970 4602 5472 3684 9072 3182 5016 4248 6200 4788 7200 3188 5586 4256 6480 3192 9600 3328 4794 5616 6048 3360 7056 3664 7905 4704 4806 3204 8190 3852 5520 4280 6030 3210 7776 3660 6216 5760 4824 3864 8432 3218 4830 4560 8064 3222 7020 3528 6720 5456 4842 3696 7560 3230 6480 4680 6426 3348 8208 3888 5670 4704 4860 3360 10890 
3712 4866 4608 5684 4320 6504 3456 7440 4953 6552 3252 7616 3254 4884 6144 6840 3258 7098 3260 6888 4352 5616 3528 9144 3924 5184 5320 6160 3744 7920 3272 6150 4368 4914 4092 10192 3420 5400 4376 7812 3492 6576 3876 5754 5772 5184 3480 8280 4032 6912 4392 5768 3420 7440 3960 6552 5056 5292 3300 10416 3302 5376 4784 7200 3972 7200 3308 5796 4416 5976 4224 9672 3314 4974 6048 5810 3456 7680 3320 7560 5082 
5472 3324 7784 4960 4992 4440 7154 3330 8892 3332 7182 4896 5004 4320 8400 3456 5010 5616 7056 3612 6696 3344 7440 5376 5760 3348 8960 3564 6324 4472 6300 3840 7392 4464 5880 4862 5328 3360 12096 3362 5169 4800 6097 4044 8424 4256 6330 4496 6084 3372 7896 3374 5808 6240 6572 3696 6768 3520 7686 5472 5400 3600 9360 4068 5082 4520 7448 3390 8208 3392 6858 5460 5094 4704 7952 3520 5100 4992 8370 3600 8736 3528 
6384 5472 5544 3408 8928 3904 6912 4940 5978 3414 6840 4104 7440 4896 5130 3696 10920 3744 5400 5248 6804 4278 6864 3600 6006 5120 7200 3552 10080 3434 5508 5520 6020 3936 7488 3640 8184 4864 5166 3768 9408 4536 5172 4992 6480 3450 8928 4320 6048 4608 5688 4152 10200 3458 6720 4616 7308 3462 6936 3464 6510 7488 5202 3468 8596 3470 6264 5040 7936 3648 7566 4340 6720 4960 5472 4104 10800 3541 5226 5324 6664 4536 8064 
3816 6930 4656 6300 3492 8918 4000 5244 5616 7200 3780 7776 3500 8736 5070 5616 3648 9176 4212 5262 5376 6146 3990 10080 3512 6600 4688 6048 4560 8232 3518 5280 5616 9144 4032 7056 3808 6174 5952 5544 3528 11115 3530 6372 5184 6188 3534 7680 4896 7812 5280 5580 3540 10080 3542 6912 4728 6660 4260 7722 3548 6216 5856 6696 3672 9576 4320 5334 6240 7168 3558 7128 3560 8100 4752 5796 4080 10164 4608 5352 5040 6944 3696 10368 
3572 6720 5174 5364 5208 9000 4218 5370 4776 7560 3582 7800 3584 8184 5760 5904 3816 9408 3724 6480 6400 6750 3594 7200 4320 6720 5280 6192 3720 12493 3892 5406 4808 6804 4992 7224 3608 7560 5226 6858 3792 9856 3614 5880 5808 7182 3618 8160 4608 7644 5184 5436 3624 9120 4680 6498 5824 6356 3840 9576 3632 7068 5568 5760 4368 9282 3638 5832 4856 10080 3984 7296 3644 6384 6558 5472 4176 10160 3780 6882 4872 7056 3948 9360 4752 
6870 5184 5760 3660 10416 4192 5496 5928 7130 4404 8064 3880 7392 4896 6624 3672 10800 3674 6048 7068 6440 3678 7368 3976 9072 5330 6336 3840 8624 4896 5880 4920 6930 4608 9828 3692 7056 4928 5544 4440 11904 3698 5679 5520 8246 3702 7416 4424 6960 6720 5940 4056 9464 3710 7776 4952 7650 3840 7440 4464 6510 6240 6588 3720 11520 3783 5586 5328 7980 4650 8712 3728 7254 5472 6732 4704 8736 3734 5604 6552 7020 3876 8640 3740 9072 5280 
5616 3960 11466 5184 5622 5000 6566 3936 9372 4256 8160 5600 5634 4512 8792 4298 5640 5760 8928 3762 9360 3888 6594 6048 6480 3768 9480 3770 7560 5460 7056 4800 8208 4712 7620 5040 5670 3780 13440 4000 5952 5488 7920 4548 7584 4336 6636 5486 6840 4032 9920 3794 6528 6912 7252 3798 8268 3960 9300 5824 5706 3804 8904 4572 6264 5808 9072 4116 9216 3952 6678 5376 5724 5280 10530 4176 6048 5440 8064 3822 9576 3824 7440 7254 5742 3960 10080 
4384 6912 5112 7200 3834 8640 5040 7728 5120 6120 4200 12264 4032 6156 6448 6951 4620 7704 3848 7980 5136 8928 3852 9828 3854 6048 6192 7502 4800 7728 4104 8148 6720 5796 3864 11520 4644 5802 5160 6776 3996 10296 4560 8379 5168 6300 4992 10080 3878 6672 5616 8820 3882 7776 4248 6804 7296 6120 4392 11284 3890 7020 5192 7840 4140 8640 5040 7320 5642 5850 4464 12152 4032 5856 5208 7874 5184 9984 3908 6846 5216 7776 3912 9840 4928 6240 7200 7560 
3918 7848 3920 10602 5232 6156 3924 10010 4898 6384 6912 7380 3930 9504 3932 6888 6240 6768 4728 10584 4096 6480 5712 8316 4512 8880 3944 8100 6336 5922 3948 10752 4320 7440 5720 8680 4080 7920 5472 7392 5280 5940 4104 14040 4212 6816 5288 6944 5208 7944 3968 8160 6897 7164 4572 9296 4140 5964 6696 8640 4116 9828 4176 8400 5312 6552 4560 10416 4788 5982 5772 6986 3990 11520 4312 7500 5856 5994 5184 10640 4576 6000 5632 9828 4002 8640 4004 9408 7020 
6012 4008 10080 4240 7236 6144 7560 4014 8736 5328 7812 5824 7182 4020 11424 4022 6036 6000 7560 5952 8928 4028 7560 5760 8064 4200 13208 4180 6054 6480 7070 4416 8088 4624 9180 5850 6336 4368 9464 4860 7368 5760 8928 4050 11253 4052 7098 6208 6084 4872 10980 4058 6090 6552 10080 4224 8136 4320 8064 6528 6480 4788 10374 4396 8208 5760 7650 4074 9408 5084 7140 6080 6120 4080 13392 5184 6636 5448 7154 5280 8892 4216 8880 5760 7380 4092 10752 4094 6480 8736 
8191 4356 8208 4100 9114 5472 7056 4488 12000 4932 6162 5628 7840 4704 9936 4112 7998 5954 7182 4944 11200 4320 6480 5496 9360 4452 8970 5120 7224 7488 6192 4128 11088 4130 8640 6552 7238 4134 9072 4968 8640 6336 6210 4140 13104 4284 6600 5528 9424 4980 8304 5040 7812 6006 7812 4752 10440 4154 6528 6672 7280 4158 11520 4160 10668 5920 6246 4368 9744 6156 6252 6032 7830 4560 10080 4312 8400 6048 6264 5208 12090 4178 6270 6400 10080 4332 9072 4320 7860 7680 8064 
4320 9800 4320 7560 6144 8316 4800 9126 5040 7350 5600 6300 5040 14880 4202 6912 6084 7364 5226 8424 4816 8184 5952 7596 4212 11858 4608 7524 6768 8640 4218 9120 4220 8904 7072 6336 4368 12240 5673 6342 5640 8512 4230 11232 4232 8295 6048 6660 6384 9912 4480 6888 6320 10044 4242 9792 4244 7434 6816 6984 4416 11700 4864 8424 6160 7448 4254 8520 5472 10080 6864 6390 4260 12096 4262 6396 6840 8820 5124 9600 4536 8232 5696 8928 4272 11160 4274 6414 8060 7490 5376 9216 
4680 9720 5712 6426 4284 13104 5148 6432 5720 8636 4290 12096 4912 7980 6534 6840 5160 10800 4298 7392 5736 9548 5184 9360 4648 8370 8064 6462 4440 10080 4480 7776 6240 10260 4560 8640 5184 8232 5760 6912 4944 15120 4500 6486 6336 8064 5394 9984 4328 8130 6916 7812 4464 10668 4960 7128 7368 8432 4338 9438 4340 10752 5792 7056 4488 10920 5760 6804 7680 7616 4350 11160 4600 9198 5808 7488 5712 12103 4358 6540 5816 9900 5130 8736 4364 7644 7644 6840 4776 13888 4644 8640 6144 
7658 4374 9840 6248 8220 5840 7200 4560 12432 4732 7536 6344 8694 5268 9504 4536 7686 7680 7920 4392 12090 4608 7140 7056 8848 4398 8808 4536 11532 6560 6912 5472 10304 5292 6612 6384 9000 4410 13338 4824 7728 5888 6624 5304 12192 5056 6771 6396 10584 4422 9792 4424 9600 7440 6642 4680 11760 4576 7992 6784 8618 5376 8880 5328 7770 7020 7632 4656 13680 4442 6666 5928 8568 6144 10920 4448 8820 5936 8370 4452 12096 4588 7128 8712 8370 4458 8928 5600 9408 5952 7056 4464 12896 5760 
8640 5960 7826 4620 10800 4752 9240 7488 6714 5580 10472 5054 6720 5976 12240 4482 10080 4484 8400 8064 6732 5136 12960 4557 8100 6500 7868 4494 10368 5760 8742 6000 7308 4920 14196 5152 6756 6400 8460 5832 9024 4508 9576 6720 9072 4872 12096 4514 7068 8448 7910 4518 9828 4520 10260 6624 8640 4524 11760 5642 7104 6552 8804 5184 10944 4752 8736 6048 6804 5448 14520 4900 6810 6480 9576 4800 9096 5760 9144 7956 6822 4548 10640 4550 10416 6384 8550 4740 11232 5472 8568 7296 7128 4704 14880 
4562 6846 7320 9184 6048 9144 4568 8580 6096 8244 5232 11648 4860 6864 7688 10584 4800 10560 4840 9660 6630 7200 4584 11520 6336 6882 6720 8512 4956 12960 4592 10416 6128 6894 5520 10752 4598 7980 7696 11160 4752 10080 4604 8064 7392 8208 4896 13299 5040 8316 6480 8078 5280 9240 6048 8670 7280 6930 4800 16128 4622 6936 6528 9517 5928 10062 5296 8820 6176 8352 5064 11640 4788 7968 8112 8680 4638 9288 4640 11340 8064 7632 4644 12320 5580 7344 6200 10080 4650 11904 4652 8148 7488 7560 6840 12152 
1 
3 4 
7 6 12 
8 15 13 18 
12 28 14 24 24 
31 18 39 20 42 32 
36 24 60 31 42 40 56 
30 72 32 63 48 54 48 91 
38 60 56 90 42 96 44 84 78 
72 48 124 57 93 72 98 54 120 72 
120 80 90 60 168 62 96 104 127 84 144 
68 126 96 144 72 195 74 114 124 140 96 168 
80 186 121 126 84 224 108 132 120 180 90 234 112 
168 128 144 120 252 98 171 156 217 102 216 104 210 192 
162 108 280 110 216 152 248 114 240 144 210 182 180 144 360 
133 186 168 224 156 312 128 255 176 252 132 336 160 204 240 270 
138 288 140 336 192 216 168 403 180 222 228 266 150 372 152 300 234 
288 192 392 158 240 216 378 192 363 164 294 288 252 168 480 183 324 260 
308 174 360 248 372 240 270 180 546 182 336 248 360 228 384 216 336 320 360 
192 508 194 294 336 399 198 468 200 465 272 306 240 504 252 312 312 434 240 576 
212 378 288 324 264 600 256 330 296 504 252 456 224 504 403 342 228 560 230 432 384 
450 234 546 288 420 320 432 240 744 242 399 364 434 342 504 280 480 336 468 252 728 288 
384 432 511 258 528 304 588 390 396 264 720 324 480 360 476 270 720 272 558 448 414 372 672 
278 420 416 720 282 576 284 504 480 504 336 819 307 540 392 518 294 684 360 570 480 450 336 868 
352 456 408 620 372 702 308 672 416 576 312 840 314 474 624 560 318 648 360 762 432 576 360 847 434 
492 440 630 384 864 332 588 494 504 408 992 338 549 456 756 384 780 400 660 576 522 348 840 350 744 560 
756 354 720 432 630 576 540 360 1170 381 546 532 784 444 744 368 744 546 684 432 896 374 648 624 720 420 960 
380 840 512 576 384 1020 576 582 572 686 390 1008 432 855 528 594 480 1092 398 600 640 961 402 816 448 714 726 720 
456 1080 410 756 552 728 480 936 504 882 560 720 420 1344 422 636 624 810 558 864 496 756 672 792 432 1240 434 768 720 
770 480 888 440 1080 741 756 444 1064 540 672 600 1016 450 1209 504 798 608 684 672 1200 458 690 720 1008 462 1152 464 930 768 
702 468 1274 544 864 632 900 528 960 620 1008 702 720 480 1512 532 726 768 931 588 1092 488 930 656 1026 492 1176 540 840 936 992 
576 1008 500 1092 672 756 504 1560 612 864 732 896 510 1296 592 1023 800 774 624 1232 576 912 696 1260 522 1170 524 924 992 792 576 1488 
553 972 780 1120 588 1080 648 1020 720 810 684 1680 542 816 728 1134 660 1344 548 966 806 1116 600 1440 640 834 912 980 558 1248 616 1488 864 
846 564 1344 684 852 968 1080 570 1440 572 1176 768 1008 744 1651 578 921 776 1260 672 1176 648 1110 1092 882 588 1596 640 1080 792 1178 594 1440 864 
1050 800 1008 600 1860 602 1056 884 1064 798 1224 608 1260 960 1116 672 1638 614 924 1008 1440 618 1248 620 1344 960 936 720 1736 781 942 960 1106 684 1872 
632 1200 848 954 768 1512 798 1080 936 1530 642 1296 644 1344 1056 1080 648 1815 720 1302 1024 1148 654 1320 792 1302 962 1152 660 2016 662 996 1008 1260 960 1482 
720 1176 896 1224 744 2016 674 1014 1240 1281 678 1368 784 1620 912 1152 684 1820 828 1200 920 1364 756 1728 692 1218 1248 1044 840 1800 756 1050 936 1736 702 1680 760 
1524 1152 1062 816 1680 710 1296 1040 1350 768 1728 1008 1260 960 1080 720 2418 832 1143 968 1274 930 1596 728 1680 1093 1332 792 1736 734 1104 1368 1512 816 1638 740 1596 1120 
1296 744 1920 900 1122 1092 1512 864 1872 752 1488 1008 1260 912 2240 758 1140 1152 1800 762 1536 880 1344 1404 1152 840 2044 770 1728 1032 1358 774 1716 992 1470 1216 1170 840 2352 
864 1296 1200 1767 948 1584 788 1386 1056 1440 912 2340 868 1194 1296 1400 798 1920 864 1953 1170 1206 888 1904 1152 1344 1080 1530 810 2178 812 1680 1088 1368 984 2232 880 1230 1456 1764 
822 1656 824 1560 1488 1440 828 2184 830 1512 1112 1778 1026 1680 1008 1680 1280 1260 840 2880 871 1266 1128 1484 1098 1872 1064 1674 1136 1674 912 2016 854 1488 1560 1620 858 2016 860 1848 1344 
1296 864 2520 1044 1302 1228 1792 960 2160 952 1650 1274 1440 1248 2072 878 1320 1176 2232 882 2223 884 1764 1440 1332 888 2280 1024 1620 1452 1568 960 1800 1080 2040 1344 1350 960 2821 972 1512 1408 
1710 1092 1824 908 1596 1326 2016 912 2480 1008 1374 1488 1610 1056 2160 920 2160 1232 1386 1008 2688 1178 1392 1352 1890 930 2304 1140 1638 1248 1404 1296 2730 938 1632 1256 2016 942 1896 1008 1860 1920 1584 
948 2240 1036 1860 1272 2160 954 2106 1152 1680 1440 1440 1104 3048 993 1596 1404 1694 1164 2304 968 1995 1440 1764 972 2548 1120 1464 1736 1922 978 1968 1080 2394 1430 1476 984 2520 1188 1620 1536 1960 1056 2808 
992 2016 1328 1728 1200 2352 998 1500 1520 2340 1344 2016 1080 1764 1632 1512 1080 3224 1010 1836 1352 2016 1014 2196 1440 1920 1482 1530 1020 3024 1022 1776 1536 2047 1302 2400 1120 1806 1600 1872 1032 2640 1034 1728 1872 
2128 1116 2088 1040 2604 1392 1566 1200 2730 1440 1572 1400 1980 1050 2976 1052 1848 1694 1728 1272 3024 1216 1659 1416 2268 1062 2340 1064 2400 1728 1764 1176 2520 1070 1944 1872 2108 1140 2160 1364 1890 1440 2052 1176 3600 1152 
1626 1524 1904 1536 2184 1088 2286 1729 1980 1092 3136 1094 1644 1776 2070 1098 2418 1264 2604 1472 1800 1104 2976 1512 1920 1680 1946 1110 2736 1224 2100 1728 1674 1344 2912 1118 1848 1496 3024 1200 2592 1124 1974 2028 1692 1368 2880 
1130 2052 1680 1988 1248 2904 1368 2232 1520 1710 1224 3360 1312 1716 1664 2520 1380 2304 1216 2352 1536 2232 1152 3315 1154 1734 2304 2149 1260 2328 1240 2700 1760 2016 1164 2744 1404 1944 1560 2294 1344 3276 1172 2058 1728 1764 1488 3420 
1 
3 4 
7 6 12 
8 15 13 18 
12 28 14 24 24 
31 18 39 20 42 32 
36 24 60 31 42 40 56 
30 72 32 63 48 54 48 91 
38 60 56 90 42 96 44 84 78 
72 48 124 57 93 72 98 54 120 72 
120 80 90 60 168 62 96 104 127 84 144 
68 126 96 144 72 195 74 114 124 140 96 168 
80 186 121 126 84 224 108 132 120 180 90 234 112 
168 128 144 120 252 98 171 156 217 102 216 104 210 192 
162 108 280 110 216 152 248 114 240 144 210 182 180 144 360 
133 186 168 224 156 312 128 255 176 252 132 336 160 204 240 270 
138 288 140 336 192 216 168 403 180 222 228 266 150 372 152 300 234 
288 192 392 158 240 216 378 192 363 164 294 288 252 168 480 183 324 260 
308 174 360 248 372 240 270 180 546 182 336 248 360 228 384 216 336 320 360 
192 508 194 294 336 399 198 468 200 465 272 306 240 504 252 312 312 434 240 576 
212 378 288 324 264 600 256 330 296 504 252 456 224 504 403 342 228 560 230 432 384 
450 234 546 288 420 320 432 240 744 242 399 364 434 342 504 280 480 336 468 252 728 288 
384 432 511 258 528 304 588 390 396 264 720 324 480 360 476 270 720 272 558 448 414 372 672 
278 420 416 720 282 576 284 504 480 504 336 819 307 540 392 518 294 684 360 570 480 450 336 868 
352 456 408 620 372 702 308 672 416 576 312 840 314 474 624 560 318 648 360 762 432 576 360 847 434 
492 440 630 384 864 332 588 494 504 408 992 338 549 456 756 384 780 400 660 576 522 348 840 350 744 560 
756 354 720 432 630 576 540 360 1170 381 546 532 784 444 744 368 744 546 684 432 896 374 648 624 720 420 960 
1 
3 4 
7 6 12 
8 15 13 18 
12 28 14 24 24 
31 18 39 20 42 32 
36 24 60 31 42 40 56 
30 72 32 63 48 54 48 91 
38 60 56 90 42 96 44 84 78 
72 48 124 57 93 72 98 54 120 72 
120 80 90 60 168 62 96 104 127 84 144 
68 126 96 144 72 195 74 114 124 140 96 168 
80 186 121 126 84 224 108 132 120 180 90 234 112 
168 128 144 120 252 98 171 156 217 102 216 104 210 192 
162 108 280 110 216 152 248 114 240 144 210 182 180 144 360 
133 186 168 224 156 312 128 255 176 252 132 336 160 204 240 270 
138 288 140 336 192 216 168 403 180 222 228 266 150 372 152 300 234 
288 192 392 158 240 216 378 192 363 164 294 288 252 168 480 183 324 260 
308 174 360 248 372 240 270 180 546 182 336 248 360 228 384 216 336 320 360 
192 508 194 294 336 399 198 468 200 465 272 306 240 504 252 312 312 434 240 576 
212 378 288 324 264 600 256 330 296 504 252 456 224 504 403 342 228 560 230 432 384 
450 234 546 288 420 320 432 240 744 242 399 364 434 342 504 280 480 336 468 252 728 288 
384 432 511 258 528 304 588 390 396 264 720 324 480 360 476 270 720 272 558 448 414 372 672 
278 420 416 720 282 576 284 504 480 504 336 819 307 540 392 518 294 684 360 570 480 450 336 868 
352 456 408 620 372 702 308 672 416 576 312 840 314 474 624 560 318 648 360 762 432 576 360 847 434 
492 440 630 384 864 332 588 494 504 408 992 338 549 456 756 384 780 400 660 576 522 348 840 350 744 560 
756 354 720 432 630 576 540 360 1170 381 546 532 784 444 744 368 744 546 684 432 896 374 648 624 720 420 960 
380 840 512 576 384 1020 576 582 572 686 390 1008 432 855 528 594 480 1092 398 600 640 961 402 816 448 714 726 720 
456 1080 410 756 552 728 480 936 504 882 560 720 420 1344 422 636 624 810 558 864 496 756 672 792 432 1240 434 768 720 
770 480 888 440 1080 741 756 444 1064 540 672 600 1016 450 1209 504 798 608 684 672 1200 458 690 720 1008 462 1152 464 930 768 
702 468 1274 544 864 632 900 528 960 620 1008 702 720 480 1512 532 726 768 931 588 1092 488 930 656 1026 492 1176 540 840 936 992 
576 1008 500 1092 672 756 504 1560 612 864 732 896 510 1296 592 1023 800 774 624 1232 576 912 696 1260 522 1170 524 924 992 792 576 1488 
553 972 780 1120 588 1080 648 1020 720 810 684 1680 542 816 728 1134 660 1344 548 966 806 1116 600 1440 640 834 912 980 558 1248 616 1488 864 
846 564 1344 684 852 968 1080 570 1440 572 1176 768 1008 744 1651 578 921 776 1260 672 1176 648 1110 1092 882 588 1596 640 1080 792 1178 594 1440 864 
1050 800 1008 600 1860 602 1056 884 1064 798 1224 608 1260 960 1116 672 1638 614 924 1008 1440 618 1248 620 1344 960 936 720 1736 781 942 960 1106 684 1872 
632 1200 848 954 768 1512 798 1080 936 1530 642 1296 644 1344 1056 1080 648 1815 720 1302 1024 1148 654 1320 792 1302 962 1152 660 2016 662 996 1008 1260 960 1482 
720 1176 896 1224 744 2016 674 1014 1240 1281 678 1368 784 1620 912 1152 684 1820 828 1200 920 1364 756 1728 692 1218 1248 1044 840 1800 756 1050 936 1736 702 1680 760 
1524 1152 1062 816 1680 710 1296 1040 1350 768 1728 1008 1260 960 1080 720 2418 832 1143 968 1274 930 1596 728 1680 1093 1332 792 1736 734 1104 1368 1512 816 1638 740 1596 1120 
1296 744 1920 900 1122 1092 1512 864 1872 752 1488 1008 1260 912 2240 758 1140 1152 1800 762 1536 880 1344 1404 1152 840 2044 770 1728 1032 1358 774 1716 992 1470 1216 1170 840 2352 
864 1296 1200 1767 948 1584 788 1386 1056 1440 912 2340 868 1194 1296 1400 798 1920 864 1953 1170 1206 888 1904 1152 1344 1080 1530 810 2178 812 1680 1088 1368 984 2232 880 1230 1456 1764 
822 1656 824 1560 1488 1440 828 2184 830 1512 1112 1778 1026 1680 1008 1680 1280 1260 840 2880 871 1266 1128 1484 1098 1872 1064 1674 1136 1674 912 2016 854 1488 1560 1620 858 2016 860 1848 1344 
1296 864 2520 1044 1302 1228 1792 960 2160 952 1650 1274 1440 1248 2072 878 1320 1176 2232 882 2223 884 1764 1440 1332 888 2280 1024 1620 1452 1568 960 1800 1080 2040 1344 1350 960 2821 972 1512 1408 
1710 1092 1824 908 1596 1326 2016 912 2480 1008 1374 1488 1610 1056 2160 920 2160 1232 1386 1008 2688 1178 1392 1352 1890 930 2304 1140 1638 1248 1404 1296 2730 938 1632 1256 2016 942 1896 1008 1860 1920 1584 
948 2240 1036 1860 1272 2160 954 2106 1152 1680 1440 1440 1104 3048 993 1596 1404 1694 1164 2304 968 1995 1440 1764 972 2548 1120 1464 1736 1922 978 1968 1080 2394 1430 1476 984 2520 1188 1620 1536 1960 1056 2808 
992 2016 1328 1728 1200 2352 998 1500 1520 2340 1344 2016 1080 1764 1632 1512 1080 3224 1010 1836 1352 2016 1014 2196 1440 1920 1482 1530 1020 3024 1022 1776 1536 2047 1302 2400 1120 1806 1600 1872 1032 2640 1034 1728 1872 
2128 1116 2088 1040 2604 1392 1566 1200 2730 1440 1572 1400 1980 1050 2976 1052 1848 1694 1728 1272 3024 1216 1659 1416 2268 1062 2340 1064 2400 1728 1764 1176 2520 1070 1944 1872 2108 1140 2160 1364 1890 1440 2052 1176 3600 1152 
1626 1524 1904 1536 2184 1088 2286 1729 1980 1092 3136 1094 1644 1776 2070 1098 2418 1264 2604 1472 1800 1104 2976 1512 1920 1680 1946 1110 2736 1224 2100 1728 1674 1344 2912 1118 1848 1496 3024 1200 2592 1124 1974 2028 1692 1368 2880 
1130 2052 1680 1988 1248 2904 1368 2232 1520 1710 1224 3360 1312 1716 1664 2520 1380 2304 1216 2352 1536 2232 1152 3315 1154 1734 2304 2149 1260 2328 1240 2700 1760 2016 1164 2744 1404 1944 1560 2294 1344 3276 1172 2058 1728 1764 1488 3420 
1296 1920 1716 2520 1182 2376 1464 2394 1920 1782 1188 3360 1260 2592 1592 2250 1194 2400 1440 2352 2080 1800 1320 3844 1202 1806 1608 2464 1452 2652 1296 2280 1792 2394 1392 2856 1214 1824 2184 2540 1218 2880 1296 2604 1824 2016 1224 3510 1767 
1842 1640 2156 1230 3024 1232 2976 1794 1854 1680 2912 1238 1860 1920 2880 1332 2880 1368 2184 2016 2160 1320 3528 1250 2343 1820 2198 1440 2880 1512 2370 1680 2052 1260 4368 1372 1896 1688 2480 1728 2544 1456 2226 1920 2304 1344 3240 1360 2394 2232 
2520 1278 2808 1280 3066 1984 1926 1284 3024 1548 1932 2184 2880 1290 3168 1292 2520 1728 1944 1824 3751 1298 2160 1736 3038 1302 3072 1304 2460 2340 1962 1308 3080 1728 2376 1920 2646 1428 2886 1584 2688 1760 1980 1320 4320 1322 1986 2280 2324 1674 3024 
1328 2604 1776 2880 1464 3458 1408 2160 2160 2520 1536 2688 1456 2856 1950 2232 1440 4064 1620 2022 1800 2366 1440 3720 1552 2745 2016 2034 1632 3192 1440 2352 1976 3348 1362 2736 1440 2688 2688 2052 1368 3900 1407 2484 1832 2800 1374 2760 1872 2772 2178 2268 
1584 4032 1382 2076 1848 2610 1668 3744 1480 2436 1856 2520 1512 3720 1600 2268 2496 2450 1536 2808 1400 3720 1872 2106 1488 3920 1692 2280 2176 3060 1410 3456 1512 2478 2054 2448 1704 3600 1540 2130 2112 3024 1710 3120 1424 2790 2480 2304 1428 4032 1430 3024 2160 
2700 1434 2880 2016 2520 1920 2160 1440 4914 1584 2496 2128 2667 1842 2904 1448 2730 2496 2790 1452 3724 1454 2184 2352 3472 1536 3279 1460 3108 1952 2376 1920 3720 1764 2202 2132 2576 1596 4104 1472 3048 1968 2448 1860 3822 1696 2220 2160 3420 1482 3360 1484 3024 2880 
2232 1488 3968 1490 2700 2304 2618 1494 3276 2016 3240 2000 2592 1500 4368 1600 2256 2184 3024 2112 3024 1656 2940 2016 2736 1512 4800 1620 2274 2448 2660 1596 3456 1824 3720 2379 2286 1524 3584 1922 2640 2040 2880 1680 4212 1532 2688 2368 2520 1848 4092 1620 2310 2420 4032 
1632 3096 1544 2910 2496 2322 2016 4004 1550 2976 2304 3038 1554 3648 1872 2730 2262 2520 1560 5040 1792 2592 2088 3024 1884 3600 1568 3591 2096 2844 1572 3696 1862 2364 3224 2970 1680 3168 1580 3360 2304 2736 1584 4836 1908 2604 2212 2786 1824 3888 1672 3000 2400 2394 2160 4480 
1598 2592 2352 3937 1602 3510 1840 2814 2592 2664 1608 4080 1610 3456 2340 3136 1614 3240 2160 3162 2736 2430 1620 5082 1622 2436 2168 3600 2184 3264 1628 3192 2366 2952 1872 4536 1728 2640 2640 2870 1638 4368 1800 3780 2192 2466 1728 3864 2304 2472 2480 3224 1764 4464 1792 3360 2400 
2484 1992 4680 1658 2490 2560 3528 1824 3336 1664 3570 2964 3078 1668 3920 1670 3024 2232 3600 1920 3840 2108 2940 2464 2520 1776 5952 1723 2613 2808 2954 2028 3384 1936 3180 2256 3294 1800 4368 1694 3192 2736 3402 1698 3408 1700 3906 2912 2736 1848 4320 2304 2562 2280 3472 1710 4680 1800 
3348 2288 2574 2400 4704 1836 2580 2496 3960 1722 4032 1724 3024 2976 2592 1896 5080 2240 3132 2312 3038 1734 3684 2088 3840 2522 2880 1824 5040 1742 2856 2688 3410 2100 3822 1748 3360 2592 3744 1872 4440 1754 2634 3360 3080 2016 3528 1760 4536 2352 2646 1848 5187 2124 2652 2560 3780 1860 4320 
2304 3108 2574 2664 2232 4712 1778 3072 2376 3780 1932 4356 1784 3360 3456 2880 1788 4200 1790 3240 2600 4088 1968 4032 2160 3150 2400 2880 2064 6045 1802 2916 2408 3528 2286 4224 1960 3534 2720 3276 1812 4256 2166 2724 3192 3420 1920 3978 1944 4704 2432 2736 1824 5040 2294 3024 3120 3206 1920 4464 
1832 3450 2688 3168 2208 5040 2016 2760 2456 4464 2112 3696 1960 3234 3276 3024 1848 5760 1893 3534 2472 3248 1980 4056 2592 3810 2480 2790 2196 5376 1862 3420 2904 3510 2244 3744 1868 3276 2880 3888 1872 5642 1874 2814 3124 3808 1878 3768 1880 4320 3120 2826 2160 4424 2520 3024 2736 3780 1890 5760 1984 
3696 2528 2844 2280 4800 2176 3108 2756 4340 1902 3816 2088 4464 3072 2862 1908 4914 2016 3456 3192 3600 1914 4320 2304 3360 2880 3312 2040 6120 2052 2979 2568 3724 2976 4212 2016 3630 2576 3492 1932 5376 1934 2904 3432 4123 2100 4320 2224 4116 2592 2916 2040 5460 2340 3360 2880 3416 1950 5208 1952 3906 3328 
2934 2592 4592 2080 3240 2616 5130 2052 4290 2128 3444 3168 2952 2256 5208 2160 3564 2960 3780 1974 4608 2480 4200 2640 3168 1980 6552 2272 2976 2648 4064 2388 3984 1988 4032 3276 3600 2184 5040 1994 2994 3840 3500 1998 4560 2000 4836 2880 4032 2004 4704 2412 3240 2912 3780 2394 4896 2012 3528 2976 3240 2688 6552 
2018 3030 2696 4284 2112 4056 2456 4320 3751 3042 2028 5124 2030 4320 2712 3968 2160 4446 2736 3570 3136 3060 2040 6480 2212 3066 2964 4144 2460 4608 2160 4095 2736 3906 2352 5600 2054 3360 3312 3870 2394 4800 2160 4368 2990 3096 2064 5456 2880 3102 3024 4032 2070 5616 2200 4560 2768 3348 2604 4872 2176 3120 3840 5292 
2082 4176 2084 3654 3360 3600 2088 5850 2090 4320 3024 3668 2688 4200 2520 4092 3042 3150 2100 6944 2304 3156 2808 3960 2532 5082 2508 4032 3040 3816 2112 6096 2114 3648 3744 3871 2220 4248 2296 4860 3264 3186 2328 5460 2808 3192 2840 4960 2130 5184 2132 4116 3200 3528 2976 5400 2138 3210 3072 4536 2142 5616 2144 4284 4032 
3420 2280 5040 2464 4092 3120 4050 2154 4320 2592 4788 2880 3528 2304 7440 2162 3456 3328 3794 2604 4572 2376 4080 3146 4608 2352 5096 2268 3264 3720 4590 2496 5187 2180 4620 2912 3276 2280 6720 2880 3282 3280 3836 2400 5328 2512 4278 3168 3294 2640 5642 2380 3792 2936 5580 2304 4416 2204 4200 4446 3312 2208 6048 2257 4536 3264 
4480 2214 5040 2664 4170 2960 3330 2544 6384 2222 3672 3640 4340 2790 5184 2376 3906 2976 4032 2352 6240 2880 3354 3600 4312 2238 4488 2240 6096 3360 3600 2244 6048 2700 3372 3456 4230 2436 6084 2252 3948 3008 4104 3024 5952 2356 3390 3276 4788 2880 5040 2368 4260 3648 3744 2268 6776 2270 4104 3032 4536 2274 4560 3472 3990 3744 3672 
2376 7200 2282 3936 3048 4004 2748 4992 2288 5208 3520 4140 2400 5376 2294 3648 4320 5040 2298 4608 2660 5208 3360 3456 2736 6643 2772 3462 3080 4046 2310 6912 2312 4605 3354 3780 2784 5432 2656 3720 3096 5580 2544 5280 2448 4704 3968 3492 2520 5880 2484 4212 3952 4536 2334 4680 2808 4662 3360 4032 2340 7644 2342 3516 3456 4410 3264 5184 
2348 4116 3630 4464 2352 7068 2548 3888 3792 4480 2358 5148 2704 5400 3152 3546 2520 5544 3168 4392 3432 4826 2496 5760 2372 4158 3648 3564 3120 7200 2378 3780 3472 6048 2382 4776 2384 4650 4212 3582 3072 5600 2390 4320 3192 5040 2394 6240 2880 4200 3456 3960 2400 7812 2801 3606 3600 4214 3192 4824 2520 5280 3552 4356 2412 6188 2560 3888 4608 
4712 2418 5376 2520 5586 3510 4176 2424 6120 3038 3642 3240 4256 2784 6552 3024 5100 3248 3654 2928 6720 2438 3888 3536 5580 2442 5472 2800 4704 3936 3672 2448 7254 2560 5301 3520 4298 2688 4920 2952 4620 4480 3690 2460 7056 2592 3696 3288 6048 3240 5382 2468 4326 3296 5040 2832 6240 2474 3714 4836 4340 2478 5760 2584 5952 3312 3996 2688 6720 3456 
4104 3320 4680 2640 6048 2592 5040 3614 3960 3000 7112 2736 3750 4104 5467 2604 5460 2504 4710 4032 4320 2640 6720 2716 4536 3872 4898 2880 5040 3024 4788 3360 3780 2760 9360 2522 4116 3484 4424 3162 5064 3048 5040 3666 5184 2532 5936 2700 4368 4392 4770 2640 5760 2540 5376 4256 4032 2544 6696 3060 4080 3692 5586 2550 6696 2552 5400 3648 3834 3552 6552 
2558 3840 3416 6138 2772 5952 2808 4494 4800 3852 2736 6480 2944 4644 3432 4508 2688 6552 3224 5952 3440 3870 2580 7392 2700 3876 4368 5400 3456 5184 2800 4536 3456 5472 2592 7623 2594 3894 4176 5040 3078 5208 2736 6510 3991 3906 2760 7168 3132 3912 3840 5084 2610 7020 2992 4578 3808 3924 3144 6600 2618 5184 3920 5544 2622 5760 2728 5334 4992 4284 2736 6734 
1 
3 4 
7 6 12 
8 15 13 18 
12 28 14 24 24 
31 18 39 20 42 32 
36 24 60 31 42 40 56 
30 72 32 63 48 54 48 91 
38 60 56 90 42 96 44 84 78 
72 48 124 57 93 72 98 54 120 72 
120 80 90 60 168 62 96 104 127 84 144 
68 126 96 144 72 195 74 114 124 140 96 168 
80 186 121 126 84 224 108 132 120 180 90 234 112 
168 128 144 120 252 98 171 156 217 102 216 104 210 192 
162 108 280 110 216 152 248 114 240 144 210 182 180 144 360 
133 186 168 224 156 312 128 255 176 252 132 336 160 204 240 270 
138 288 140 336 192 216 168 403 180 222 228 266 150 372 152 300 234 
288 192 392 158 240 216 378 192 363 164 294 288 252 168 480 183 324 260 
308 174 360 248 372 240 270 180 546 182 336 248 360 228 384 216 336 320 360 
192 508 194 294 336 399 198 468 200 465 272 306 240 504 252 312 312 434 240 576 
212 378 288 324 264 600 256 330 296 504 252 456 224 504 403 342 228 560 230 432 384 
450 234 546 288 420 320 432 240 744 242 399 364 434 342 504 280 480 336 468 252 728 288 
384 432 511 258 528 304 588 390 396 264 720 324 480 360 476 270 720 272 558 448 414 372 672 
278 420 416 720 282 576 284 504 480 504 336 819 307 540 392 518 294 684 360 570 480 450 336 868 
352 456 408 620 372 702 308 672 416 576 312 840 314 474 624 560 318 648 360 762 432 576 360 847 434 
492 440 630 384 864 332 588 494 504 408 992 338 549 456 756 384 780 400 660 576 522 348 840 350 744 560 
756 354 720 432 630 576 540 360 1170 381 546 532 784 444 744 368 744 546 684 432 896 374 648 624 720 420 960 
380 840 512 576 384 1020 576 582 572 686 390 1008 432 855 528 594 480 1092 398 600 640 961 402 816 448 714 726 720 
456 1080 410 756 552 728 480 936 504 882 560 720 420 1344 422 636 624 810 558 864 496 756 672 792 432 1240 434 768 720 
770 480 888 440 1080 741 756 444 1064 540 672 600 1016 450 1209 504 798 608 684 672 1200 458 690 720 1008 462 1152 464 930 768 
702 468 1274 544 864 632 900 528 960 620 1008 702 720 480 1512 532 726 768 931 588 1092 488 930 656 1026 492 1176 540 840 936 992 
576 1008 500 1092 672 756 504 1560 612 864 732 896 510 1296 592 1023 800 774 624 1232 576 912 696 1260 522 1170 524 924 992 792 576 1488 
553 972 780 1120 588 1080 648 1020 720 810 684 1680 542 816 728 1134 660 1344 548 966 806 1116 600 1440 640 834 912 980 558 1248 616 1488 864 
846 564 1344 684 852 968 1080 570 1440 572 1176 768 1008 744 1651 578 921 776 1260 672 1176 648 1110 1092 882 588 1596 640 1080 792 1178 594 1440 864 
1050 800 1008 600 1860 602 1056 884 1064 798 1224 608 1260 960 1116 672 1638 614 924 1008 1440 618 1248 620 1344 960 936 720 1736 781 942 960 1106 684 1872 
632 1200 848 954 768 1512 798 1080 936 1530 642 1296 644 1344 1056 1080 648 1815 720 1302 1024 1148 654 1320 792 1302 962 1152 660 2016 662 996 1008 1260 960 1482 
720 1176 896 1224 744 2016 674 1014 1240 1281 678 1368 784 1620 912 1152 684 1820 828 1200 920 1364 756 1728 692 1218 1248 1044 840 1800 756 1050 936 1736 702 1680 760 
1524 1152 1062 816 1680 710 1296 1040 1350 768 1728 1008 1260 960 1080 720 2418 832 1143 968 1274 930 1596 728 1680 1093 1332 792 1736 734 1104 1368 1512 816 1638 740 1596 1120 
1296 744 1920 900 1122 1092 1512 864 1872 752 1488 1008 1260 912 2240 758 1140 1152 1800 762 1536 880 1344 1404 1152 840 2044 770 1728 1032 1358 774 1716 992 1470 1216 1170 840 2352 
1 
3 4 
7 6 12 
8 15 13 18 
12 28 14 24 24 
31 18 39 20 42 32 
36 24 60 31 42 40 56 
30 72 32 63 48 54 48 91 
38 60 56 90 42 96 44 84 78 
72 48 124 57 93 72 98 54 120 72 
120 80 90 60 168 62 96 104 127 84 144 
68 126 96 144 72 195 74 114 124 140 96 168 
80 186 121 126 84 224 108 132 120 180 90 234 112 
168 128 144 120 252 98 171 156 217 102 216 104 210 192 
162 108 280 110 216 152 248 114 240 144 210 182 180 144 360 
133 186 168 224 156 312 128 255 176 252 132 336 160 204 240 270 
138 288 140 336 192 216 168 403 180 222 228 266 150 372 152 300 234 
288 192 392 158 240 216 378 192 363 164 294 288 252 168 480 183 324 260 
308 174 360 248 372 240 270 180 546 182 336 248 360 228 384 216 336 320 360 
192 508 194 294 336 399 198 468 200 465 272 306 240 504 252 312 312 434 240 576 
212 378 288 324 264 600 256 330 296 504 252 456 224 504 403 342 228 560 230 432 384 
450 234 546 288 420 320 432 240 744 242 399 364 434 342 504 280 480 336 468 252 728 288 
384 432 511 258 528 304 588 390 396 264 720 324 480 360 476 270 720 272 558 448 414 372 672 
278 420 416 720 282 576 284 504 480 504 336 819 307 540 392 518 294 684 360 570 480 450 336 868 
352 456 408 620 372 702 308 672 416 576 312 840 314 474 624 560 318 648 360 762 432 576 360 847 434 
492 440 630 384 864 332 588 494 504 408 992 338 549 456 756 384 780 400 660 576 522 348 840 350 744 560 
756 354 720 432 630 576 540 360 1170 381 546 532 784 444 744 368 744 546 684 432 896 374 648 624 720 420 960 
380 840 512 576 384 1020 576 582 572 686 390 1008 432 855 528 594 480 1092 398 600 640 961 402 816 448 714 726 720 
456 1080 410 756 552 728 480 936 504 882 560 720 420 1344 422 636 624 810 558 864 496 756 672 792 432 1240 434 768 720 
770 480 888 440 1080 741 756 444 1064 540 672 600 1016 450 1209 504 798 608 684 672 1200 458 690 720 1008 462 1152 464 930 768 
702 468 1274 544 864 632 900 528 960 620 1008 702 720 480 1512 532 726 768 931 588 1092 488 930 656 1026 492 1176 540 840 936 992 
576 1008 500 1092 672 756 504 1560 612 864 732 896 510 1296 592 1023 800 774 624 1232 576 912 696 1260 522 1170 524 924 992 792 576 1488 
553 972 780 1120 588 1080 648 1020 720 810 684 1680 542 816 728 1134 660 1344 548 966 806 1116 600 1440 640 834 912 980 558 1248 616 1488 864 
846 564 1344 684 852 968 1080 570 1440 572 1176 768 1008 744 1651 578 921 776 1260 672 1176 648 1110 1092 882 588 1596 640 1080 792 1178 594 1440 864 
1050 800 1008 600 1860 602 1056 884 1064 798 1224 608 1260 960 1116 672 1638 614 924 1008 1440 618 1248 620 1344 960 936 720 1736 781 942 960 1106 684 1872 
632 1200 848 954 768 1512 798 1080 936 1530 642 1296 644 1344 1056 1080 648 1815 720 1302 1024 1148 654 1320 792 1302 962 1152 660 2016 662 996 1008 1260 960 1482 
720 1176 896 1224 744 2016 674 1014 1240 1281 678 1368 784 1620 912 1152 684 1820 828 1200 920 1364 756 1728 692 1218 1248 1044 840 1800 756 1050 936 1736 702 1680 760 
1524 1152 1062 816 1680 710 1296 1040 1350 768 1728 1008 1260 960 1080 720 2418 832 1143 968 1274 930 1596 728 1680 1093 1332 792 1736 734 1104 1368 1512 816 1638 740 1596 1120 
1296 744 1920 900 1122 1092 1512 864 1872 752 1488 1008 1260 912 2240 758 1140 1152 1800 762 1536 880 1344 1404 1152 840 2044 770 1728 1032 1358 774 1716 992 1470 1216 1170 840 2352 
864 1296 1200 1767 948 1584 788 1386 1056 1440 912 2340 868 1194 1296 1400 798 1920 864 1953 1170 1206 888 1904 1152 1344 1080 1530 810 2178 812 1680 1088 1368 984 2232 880 1230 1456 1764 
822 1656 824 1560 1488 1440 828 2184 830 1512 1112 1778 1026 1680 1008 1680 1280 1260 840 2880 871 1266 1128 1484 1098 1872 1064 1674 1136 1674 912 2016 854 1488 1560 1620 858 2016 860 1848 1344 
1296 864 2520 1044 1302 1228 1792 960 2160 952 1650 1274 1440 1248 2072 878 1320 1176 2232 882 2223 884 1764 1440 1332 888 2280 1024 1620 1452 1568 960 1800 1080 2040 1344 1350 960 2821 972 1512 1408 
1710 1092 1824 908 1596 1326 2016 912 2480 1008 1374 1488 1610 1056 2160 920 2160 1232 1386 1008 2688 1178 1392 1352 1890 930 2304 1140 1638 1248 1404 1296 2730 938 1632 1256 2016 942 1896 1008 1860 1920 1584 
948 2240 1036 1860 1272 2160 954 2106 1152 1680 1440 1440 1104 3048 993 1596 1404 1694 1164 2304 968 1995 1440 1764 972 2548 1120 1464 1736 1922 978 1968 1080 2394 1430 1476 984 2520 1188 1620 1536 1960 1056 2808 
992 2016 1328 1728 1200 2352 998 1500 1520 2340 1344 2016 1080 1764 1632 1512 1080 3224 1010 1836 1352 2016 1014 2196 1440 1920 1482 1530 1020 3024 1022 1776 1536 2047 1302 2400 1120 1806 1600 1872 1032 2640 1034 1728 1872 
2128 1116 2088 1040 2604 1392 1566 1200 2730 1440 1572 1400 1980 1050 2976 1052 1848 1694 1728 1272 3024 1216 1659 1416 2268 1062 2340 1064 2400 1728 1764 1176 2520 1070 1944 1872 2108 1140 2160 1364 1890 1440 2052 1176 3600 1152 
1626 1524 1904 1536 2184 1088 2286 1729 1980 1092 3136 1094 1644 1776 2070 1098 2418 1264 2604 1472 1800 1104 2976 1512 1920 1680 1946 1110 2736 1224 2100 1728 1674 1344 2912 1118 1848 1496 3024 1200 2592 1124 1974 2028 1692 1368 2880 
1130 2052 1680 1988 1248 2904 1368 2232 1520 1710 1224 3360 1312 1716 1664 2520 1380 2304 1216 2352 1536 2232 1152 3315 1154 1734 2304 2149 1260 2328 1240 2700 1760 2016 1164 2744 1404 1944 1560 2294 1344 3276 1172 2058 1728 1764 1488 3420 
1296 1920 1716 2520 1182 2376 1464 2394 1920 1782 1188 3360 1260 2592 1592 2250 1194 2400 1440 2352 2080 1800 1320 3844 1202 1806 1608 2464 1452 2652 1296 2280 1792 2394 1392 2856 1214 1824 2184 2540 1218 2880 1296 2604 1824 2016 1224 3510 1767 
1842 1640 2156 1230 3024 1232 2976 1794 1854 1680 2912 1238 1860 1920 2880 1332 2880 1368 2184 2016 2160 1320 3528 1250 2343 1820 2198 1440 2880 1512 2370 1680 2052 1260 4368 1372 1896 1688 2480 1728 2544 1456 2226 1920 2304 1344 3240 1360 2394 2232 
2520 1278 2808 1280 3066 1984 1926 1284 3024 1548 1932 2184 2880 1290 3168 1292 2520 1728 1944 1824 3751 1298 2160 1736 3038 1302 3072 1304 2460 2340 1962 1308 3080 1728 2376 1920 2646 1428 2886 1584 2688 1760 1980 1320 4320 1322 1986 2280 2324 1674 3024 
1328 2604 1776 2880 1464 3458 1408 2160 2160 2520 1536 2688 1456 2856 1950 2232 1440 4064 1620 2022 1800 2366 1440 3720 1552 2745 2016 2034 1632 3192 1440 2352 1976 3348 1362 2736 1440 2688 2688 2052 1368 3900 1407 2484 1832 2800 1374 2760 1872 2772 2178 2268 
1584 4032 1382 2076 1848 2610 1668 3744 1480 2436 1856 2520 1512 3720 1600 2268 2496 2450 1536 2808 1400 3720 1872 2106 1488 3920 1692 2280 2176 3060 1410 3456 1512 2478 2054 2448 1704 3600 1540 2130 2112 3024 1710 3120 1424 2790 2480 2304 1428 4032 1430 3024 2160 
2700 1434 2880 2016 2520 1920 2160 1440 4914 1584 2496 2128 2667 1842 2904 1448 2730 2496 2790 1452 3724 1454 2184 2352 3472 1536 3279 1460 3108 1952 2376 1920 3720 1764 2202 2132 2576 1596 4104 1472 3048 1968 2448 1860 3822 1696 2220 2160 3420 1482 3360 1484 3024 2880 
2232 1488 3968 1490 2700 2304 2618 1494 3276 2016 3240 2000 2592 1500 4368 1600 2256 2184 3024 2112 3024 1656 2940 2016 2736 1512 4800 1620 2274 2448 2660 1596 3456 1824 3720 2379 2286 1524 3584 1922 2640 2040 2880 1680 4212 1532 2688 2368 2520 1848 4092 1620 2310 2420 4032 
1632 3096 1544 2910 2496 2322 2016 4004 1550 2976 2304 3038 1554 3648 1872 2730 2262 2520 1560 5040 1792 2592 2088 3024 1884 3600 1568 3591 2096 2844 1572 3696 1862 2364 3224 2970 1680 3168 1580 3360 2304 2736 1584 4836 1908 2604 2212 2786 1824 3888 1672 3000 2400 2394 2160 4480 
1598 2592 2352 3937 1602 3510 1840 2814 2592 2664 1608 4080 1610 3456 2340 3136 1614 3240 2160 3162 2736 2430 1620 5082 1622 2436 2168 3600 2184 3264 1628 3192 2366 2952 1872 4536 1728 2640 2640 2870 1638 4368 1800 3780 2192 2466 1728 3864 2304 2472 2480 3224 1764 4464 1792 3360 2400 
2484 1992 4680 1658 2490 2560 3528 1824 3336 1664 3570 2964 3078 1668 3920 1670 3024 2232 3600 1920 3840 2108 2940 2464 2520 1776 5952 1723 2613 2808 2954 2028 3384 1936 3180 2256 3294 1800 4368 1694 3192 2736 3402 1698 3408 1700 3906 2912 2736 1848 4320 2304 2562 2280 3472 1710 4680 1800 
3348 2288 2574 2400 4704 1836 2580 2496 3960 1722 4032 1724 3024 2976 2592 1896 5080 2240 3132 2312 3038 1734 3684 2088 3840 2522 2880 1824 5040 1742 2856 2688 3410 2100 3822 1748 3360 2592 3744 1872 4440 1754 2634 3360 3080 2016 3528 1760 4536 2352 2646 1848 5187 2124 2652 2560 3780 1860 4320 
2304 3108 2574 2664 2232 4712 1778 3072 2376 3780 1932 4356 1784 3360 3456 2880 1788 4200 1790 3240 2600 4088 1968 4032 2160 3150 2400 2880 2064 6045 1802 2916 2408 3528 2286 4224 1960 3534 2720 3276 1812 4256 2166 2724 3192 3420 1920 3978 1944 4704 2432 2736 1824 5040 2294 3024 3120 3206 1920 4464 
1832 3450 2688 3168 2208 5040 2016 2760 2456 4464 2112 3696 1960 3234 3276 3024 1848 5760 1893 3534 2472 3248 1980 4056 2592 3810 2480 2790 2196 5376 1862 3420 2904 3510 2244 3744 1868 3276 2880 3888 1872 5642 1874 2814 3124 3808 1878 3768 1880 4320 3120 2826 2160 4424 2520 3024 2736 3780 1890 5760 1984 
3696 2528 2844 2280 4800 2176 3108 2756 4340 1902 3816 2088 4464 3072 2862 1908 4914 2016 3456 3192 3600 1914 4320 2304 3360 2880 3312 2040 6120 2052 2979 2568 3724 2976 4212 2016 3630 2576 3492 1932 5376 1934 2904 3432 4123 2100 4320 2224 4116 2592 2916 2040 5460 2340 3360 2880 3416 1950 5208 1952 3906 3328 
2934 2592 4592 2080 3240 2616 5130 2052 4290 2128 3444 3168 2952 2256 5208 2160 3564 2960 3780 1974 4608 2480 4200 2640 3168 1980 6552 2272 2976 2648 4064 2388 3984 1988 4032 3276 3600 2184 5040 1994 2994 3840 3500 1998 4560 2000 4836 2880 4032 2004 4704 2412 3240 2912 3780 2394 4896 2012 3528 2976 3240 2688 6552 
2018 3030 2696 4284 2112 4056 2456 4320 3751 3042 2028 5124 2030 4320 2712 3968 2160 4446 2736 3570 3136 3060 2040 6480 2212 3066 2964 4144 2460 4608 2160 4095 2736 3906 2352 5600 2054 3360 3312 3870 2394 4800 2160 4368 2990 3096 2064 5456 2880 3102 3024 4032 2070 5616 2200 4560 2768 3348 2604 4872 2176 3120 3840 5292 
2082 4176 2084 3654 3360 3600 2088 5850 2090 4320 3024 3668 2688 4200 2520 4092 3042 3150 2100 6944 2304 3156 2808 3960 2532 5082 2508 4032 3040 3816 2112 6096 2114 3648 3744 3871 2220 4248 2296 4860 3264 3186 2328 5460 2808 3192 2840 4960 2130 5184 2132 4116 3200 3528 2976 5400 2138 3210 3072 4536 2142 5616 2144 4284 4032 
3420 2280 5040 2464 4092 3120 4050 2154 4320 2592 4788 2880 3528 2304 7440 2162 3456 3328 3794 2604 4572 2376 4080 3146 4608 2352 5096 2268 3264 3720 4590 2496 5187 2180 4620 2912 3276 2280 6720 2880 3282 3280 3836 2400 5328 2512 4278 3168 3294 2640 5642 2380 3792 2936 5580 2304 4416 2204 4200 4446 3312 2208 6048 2257 4536 3264 
4480 2214 5040 2664 4170 2960 3330 2544 6384 2222 3672 3640 4340 2790 5184 2376 3906 2976 4032 2352 6240 2880 3354 3600 4312 2238 4488 2240 6096 3360 3600 2244 6048 2700 3372 3456 4230 2436 6084 2252 3948 3008 4104 3024 5952 2356 3390 3276 4788 2880 5040 2368 4260 3648 3744 2268 6776 2270 4104 3032 4536 2274 4560 3472 3990 3744 3672 
2376 7200 2282 3936 3048 4004 2748 4992 2288 5208 3520 4140 2400 5376 2294 3648 4320 5040 2298 4608 2660 5208 3360 3456 2736 6643 2772 3462 3080 4046 2310 6912 2312 4605 3354 3780 2784 5432 2656 3720 3096 5580 2544 5280 2448 4704 3968 3492 2520 5880 2484 4212 3952 4536 2334 4680 2808 4662 3360 4032 2340 7644 2342 3516 3456 4410 3264 5184 
2348 4116 3630 4464 2352 7068 2548 3888 3792 4480 2358 5148 2704 5400 3152 3546 2520 5544 3168 4392 3432 4826 2496 5760 2372 4158 3648 3564 3120 7200 2378 3780 3472 6048 2382 4776 2384 4650 4212 3582 3072 5600 2390 4320 3192 5040 2394 6240 2880 4200 3456 3960 2400 7812 2801 3606 3600 4214 3192 4824 2520 5280 3552 4356 2412 6188 2560 3888 4608 
4712 2418 5376 2520 5586 3510 4176 2424 6120 3038 3642 3240 4256 2784 6552 3024 5100 3248 3654 2928 6720 2438 3888 3536 5580 2442 5472 2800 4704 3936 3672 2448 7254 2560 5301 3520 4298 2688 4920 2952 4620 4480 3690 2460 7056 2592 3696 3288 6048 3240 5382 2468 4326 3296 5040 2832 6240 2474 3714 4836 4340 2478 5760 2584 5952 3312 3996 2688 6720 3456 
