3
70
100 70 30 30 20 30 20 90 20 30 100 30 90 10 80 50 100 90 10 50 70 80 40 40 80 10 60 60 20 90 70 60 90 30 70 90 60 100 50 90 10 10 30 100 100 20 50 40 20 60 10 70 20 100 40 90 10 40 20 10 60 10 60 50 10 40 40 70 80 90 
3
10
30 70 10 90 60 70 60 80 100 10 
6
80
80 30 10 40 90 50 70 10 80 70 20 100 50 80 60 100 20 70 80 90 50 70 70 90 60 60 70 70 60 10 100 40 60 70 100 50 80 60 30 60 90 70 50 50 20 60 100 90 40 20 40 50 60 40 90 20 90 80 20 90 10 20 70 90 50 40 40 80 20 90 90 40 40 80 70 80 60 50 60 70 
6
