5
70
60 50 90 30 60 30 60 90 40 10 10 40 10 100 70 100 50 80 50 100 90 40 70 20 70 50 10 90 10 10 60 10 40 100 80 30 20 90 100 50 70 100 100 70 40 30 30 40 60 10 80 20 70 100 70 30 70 80 20 50 80 90 80 70 70 20 100 80 40 70 
10
10
60 10 60 80 20 40 10 70 20 10 
7
60
30 10 100 60 90 30 70 50 70 40 60 30 50 60 70 20 80 90 90 90 50 70 100 30 60 20 30 80 10 40 30 20 40 50 20 60 70 10 90 90 30 40 10 20 70 70 40 60 100 80 60 20 60 60 100 100 50 90 60 30 
1
10
90 70 80 90 70 60 10 80 90 90 
5
60
10 70 90 20 60 100 70 70 100 40 90 80 30 90 100 20 50 90 100 60 90 10 10 10 10 40 100 20 40 100 30 80 40 100 70 60 80 90 60 70 80 10 10 40 70 80 70 100 20 100 70 100 10 90 80 80 40 40 40 100 
4
