8
30
90 40 10 30 80 40 50 50 90 20 30 50 20 90 20 60 40 90 60 100 40 30 40 10 20 20 40 70 50 10 
6
70
30 30 60 10 60 80 80 20 90 60 60 80 70 20 10 40 50 70 100 10 50 30 10 20 100 70 80 60 30 100 70 100 50 10 50 40 70 30 90 50 100 90 40 20 50 10 40 20 50 10 80 70 40 10 10 60 30 10 50 20 40 20 90 60 100 80 90 10 50 40 
1
90
70 80 80 70 60 100 60 90 90 40 50 90 40 70 60 50 30 10 80 60 50 30 50 90 10 60 80 50 50 20 20 70 60 100 40 80 80 90 50 70 70 80 10 70 80 30 30 30 10 80 50 80 20 20 60 50 90 30 70 100 90 50 90 80 50 50 30 70 90 40 10 20 30 70 70 30 80 50 10 50 70 10 90 40 100 100 30 20 70 80 
4
20
50 20 80 70 70 50 80 80 80 50 60 100 60 50 10 40 90 20 40 50 
2
60
100 40 40 90 30 10 20 20 40 80 70 80 10 70 70 20 30 40 80 60 40 70 70 100 90 80 30 70 50 80 20 100 60 80 70 20 100 10 80 90 70 90 20 50 100 90 50 60 20 90 90 20 80 70 30 40 30 10 80 10 
6
80
60 50 90 20 40 20 50 70 80 80 20 60 60 30 70 80 50 90 60 80 20 20 40 100 50 90 10 70 70 20 90 10 10 30 10 40 20 70 40 90 50 80 10 30 90 30 80 90 80 90 60 50 30 90 20 100 90 50 100 70 10 20 70 20 100 20 90 40 60 90 10 90 100 30 90 40 10 60 70 20 
6
60
100 60 40 70 80 70 70 60 70 60 40 100 40 90 100 10 50 20 40 90 60 80 20 80 80 70 50 30 60 90 40 80 30 20 90 10 60 40 100 10 60 40 60 50 50 70 30 80 80 50 50 60 70 20 60 10 70 40 100 100 
2
90
10 100 30 70 20 30 60 40 100 90 80 70 40 10 100 20 20 90 70 80 60 50 40 90 30 50 20 70 10 90 50 60 60 90 100 90 100 50 40 20 80 30 70 50 80 30 100 100 90 50 20 40 40 20 90 80 90 50 40 60 10 80 100 100 40 20 60 70 70 50 20 80 90 70 90 50 10 40 90 20 60 10 70 90 40 80 80 70 30 50 
4
