10
60
90 100 40 30 90 30 60 50 80 100 80 20 30 80 80 20 100 90 20 80 30 20 50 50 40 30 50 50 80 70 20 20 100 10 20 20 80 70 60 100 60 70 50 100 100 60 20 20 100 60 100 100 60 70 50 80 60 50 20 80 
5
20
60 80 90 10 60 90 40 20 30 50 50 30 40 10 30 20 70 60 70 100 
4
80
90 50 60 70 10 100 60 100 20 90 40 80 60 70 90 50 80 40 50 90 20 70 100 40 90 60 30 50 50 60 10 60 20 40 70 30 10 100 80 100 80 50 50 70 50 20 60 100 100 80 60 50 40 80 50 50 60 50 30 40 50 40 100 50 90 50 50 100 90 10 60 30 20 80 70 100 30 60 10 70 
1
80
70 60 50 40 90 40 80 100 30 10 40 30 30 60 10 100 10 50 20 50 60 70 100 80 100 60 10 40 60 70 40 10 70 60 20 70 40 20 10 90 70 50 80 70 40 50 30 20 100 100 80 80 10 50 80 90 90 100 100 80 70 40 60 80 40 30 100 20 80 80 30 100 40 50 10 70 80 50 20 50 
9
20
100 20 80 30 70 50 80 90 60 100 90 10 30 50 60 100 10 10 70 30 
4
10
80 100 60 10 30 100 90 70 30 100 
2
40
60 40 80 80 10 80 50 40 80 100 10 100 30 70 90 10 50 20 80 60 100 70 100 10 90 80 60 30 100 80 50 20 70 100 80 80 10 30 20 20 
8
100
10 20 40 10 30 80 100 70 10 30 20 90 40 20 70 30 10 10 80 70 40 80 10 40 10 10 60 30 60 20 60 50 20 70 20 10 100 70 20 60 50 20 60 50 90 60 70 20 10 60 30 30 70 40 60 50 10 100 70 10 80 30 80 100 50 100 10 40 30 20 60 20 90 40 70 60 10 80 30 50 10 80 40 90 70 40 80 30 20 30 40 80 30 30 90 60 40 30 90 30 
5
90
10 50 20 90 50 70 80 100 40 90 90 20 90 10 50 40 60 70 90 50 70 70 70 30 70 80 20 30 20 80 60 20 20 80 90 50 50 100 10 90 10 100 20 20 60 60 10 20 60 30 20 10 90 30 20 100 100 70 90 20 30 60 60 60 30 40 100 20 10 40 50 70 10 50 90 60 60 10 40 60 100 20 30 70 20 90 90 100 30 100 
8
20
20 70 100 70 60 80 10 20 70 20 40 60 40 10 40 20 40 90 30 70 
6
