6
60
90 50 70 50 50 60 100 100 90 30 80 10 60 60 30 70 90 80 10 10 80 100 70 20 100 40 70 80 50 90 100 100 100 20 60 60 90 40 30 70 80 50 30 10 20 80 50 70 90 60 40 70 30 50 80 20 50 20 50 40 
5
50
90 70 50 50 20 40 60 90 80 40 70 30 10 90 50 50 70 40 70 90 100 60 40 30 70 60 50 10 60 10 40 100 80 70 20 70 90 40 90 70 20 70 10 90 30 40 10 30 30 100 
1
20
40 70 100 70 50 70 70 90 30 60 40 20 60 60 40 80 100 60 60 90 
8
30
80 70 50 100 20 60 40 50 100 80 80 100 50 10 20 30 10 80 70 20 70 70 60 70 50 60 80 20 90 30 
3
50
50 90 60 80 80 40 100 10 10 80 70 80 80 90 70 30 100 100 20 10 20 40 70 90 10 100 50 20 10 90 100 90 80 90 100 30 50 70 100 60 100 10 20 100 30 70 60 20 60 40 
4
40
80 100 90 70 40 100 10 50 100 80 40 80 10 90 40 90 30 70 50 20 50 20 20 20 40 100 10 100 90 30 50 50 10 100 10 90 20 40 50 40 
7
