8
30
70 50 90 40 30 50 40 30 50 10 100 20 90 90 10 50 20 40 10 30 10 60 60 100 30 70 90 10 50 70 
9
100
80 90 90 30 20 90 100 90 50 50 80 70 40 40 80 50 40 10 60 30 70 50 100 10 40 40 90 80 90 60 40 50 20 30 50 20 60 30 90 90 80 90 90 60 30 20 70 50 30 90 40 30 10 80 10 10 90 70 10 20 50 30 40 80 40 40 10 60 50 30 20 80 10 20 70 80 100 10 20 70 40 60 40 40 20 30 70 30 40 10 10 30 70 40 90 40 40 60 60 100 
6
50
40 40 50 60 20 20 70 80 20 60 80 90 60 80 90 20 60 40 20 70 10 90 40 60 30 40 20 10 10 20 40 70 40 60 30 30 100 40 90 20 50 40 30 80 60 10 20 70 30 60 
6
10
100 20 20 70 60 20 10 10 80 30 
4
10
80 70 90 30 40 90 60 30 30 100 
3
90
30 100 50 20 40 80 60 70 60 90 100 50 20 20 80 80 90 70 50 100 20 80 30 80 80 60 60 50 90 50 60 100 80 60 100 20 80 20 90 70 100 70 90 100 10 10 40 60 10 50 70 80 50 20 60 100 60 60 90 20 80 80 100 10 90 90 40 50 30 90 80 50 60 30 10 60 90 30 100 10 40 10 60 60 40 70 10 70 20 40 
10
80
100 40 30 50 60 50 90 60 30 70 10 80 40 50 30 50 80 70 80 10 40 40 50 50 40 100 70 30 40 20 90 20 10 40 80 40 80 50 10 80 10 30 30 10 90 100 20 30 20 80 100 50 60 10 10 10 10 10 100 10 50 100 80 30 30 30 80 30 90 10 30 30 50 80 90 60 50 90 20 10 
5
50
50 50 40 40 80 60 50 50 80 30 20 10 50 90 40 50 100 80 50 20 100 30 90 60 90 20 100 10 50 10 100 90 80 100 100 60 90 80 80 80 30 70 80 50 50 30 100 50 20 100 
2
