9
100
50 50 10 20 70 10 70 90 40 20 60 30 30 50 70 30 10 70 80 90 80 70 100 90 80 100 20 90 30 80 80 80 30 50 70 60 20 100 50 70 30 90 60 40 50 100 90 70 60 40 80 80 80 60 30 20 10 80 50 100 90 100 50 60 20 50 90 70 30 10 100 20 60 60 20 100 50 80 40 10 60 60 70 30 60 20 80 80 30 40 50 100 70 10 80 10 70 40 10 30 
4
80
60 30 40 90 30 90 100 50 20 80 100 100 90 80 40 100 60 80 30 80 90 70 40 40 90 60 70 20 20 10 70 60 90 10 70 60 40 80 70 100 80 100 60 50 60 20 30 60 40 50 30 60 70 20 90 30 70 90 80 50 90 80 70 10 20 50 50 90 90 60 40 80 60 60 40 50 90 90 100 60 
1
100
70 90 50 90 40 60 80 60 70 30 100 80 30 10 80 30 10 80 20 80 100 60 80 20 60 80 20 50 10 100 60 40 50 30 50 50 60 100 80 80 70 60 10 80 80 40 80 20 20 100 40 90 70 70 90 30 20 20 70 30 70 60 20 40 40 30 20 50 80 20 40 90 60 60 100 80 80 50 20 70 80 70 20 70 50 10 50 80 60 90 70 60 40 90 20 100 80 20 100 20 
6
60
30 60 70 70 60 40 100 100 60 50 80 80 10 30 80 100 20 50 30 100 80 80 70 90 10 70 30 40 70 10 80 30 30 20 30 60 90 30 70 100 100 90 10 100 50 70 90 50 10 10 100 100 80 80 30 10 70 50 80 90 
1
10
50 70 60 100 20 80 50 100 30 60 
8
20
90 30 60 40 60 40 20 100 80 30 80 60 60 50 20 50 60 10 60 50 
4
40
20 70 10 30 60 20 10 80 30 70 90 90 80 60 90 80 90 90 90 60 80 30 10 60 70 50 50 100 10 40 60 100 90 80 40 100 100 100 50 10 
1
80
80 10 90 100 10 20 70 100 20 90 10 70 70 40 40 60 90 30 70 60 60 50 60 100 80 10 80 80 80 100 20 100 60 50 10 50 90 100 50 60 30 100 90 30 10 90 30 30 50 50 50 100 20 90 100 80 100 100 90 100 70 40 40 80 100 20 40 90 90 80 90 80 90 10 20 100 90 80 70 60 
7
60
70 50 40 40 70 40 80 10 40 30 20 80 80 70 10 60 100 10 70 30 70 90 90 80 70 10 50 10 80 60 70 90 70 40 50 20 90 30 10 10 30 90 30 60 10 80 50 20 30 30 40 30 50 60 70 10 80 50 20 30 
10
