6
30
70 10 100 60 20 70 70 100 60 40 70 100 30 60 60 90 90 20 60 20 90 30 40 70 60 60 70 100 100 10 
10
20
10 10 90 20 70 60 10 50 20 90 70 80 40 50 30 30 90 10 80 90 
10
30
90 30 70 90 80 30 80 20 40 70 90 100 80 10 100 70 10 50 80 20 20 30 90 100 30 20 30 90 60 80 
10
50
60 60 30 70 40 60 90 50 50 10 50 10 20 70 100 50 90 30 10 40 20 20 70 20 30 100 70 50 50 90 10 10 10 10 80 80 90 70 60 50 90 30 90 80 90 60 90 10 10 80 
4
50
10 50 60 60 80 40 90 40 20 30 60 80 10 30 60 60 80 80 100 60 90 100 60 40 50 40 10 60 100 40 20 20 10 30 70 40 100 70 80 90 90 20 60 40 70 20 40 40 20 40 
2
30
100 60 90 30 100 40 70 50 80 90 90 30 50 20 20 70 20 30 30 100 30 40 10 40 30 100 40 30 80 30 
2
